ASV_ID	CaS3_S35_L001	CaS4_S47_L001	TgS1_S11_L001	TgS2_S23_L001	UpS5_S59_L001
ASV1	0	0	0	3230	0
ASV2	0	0	0	3022	0
ASV3	12	0	0	2936	0
ASV4	0	0	0	2216	0
ASV5	0	0	0	1193	0
ASV6	0	0	0	1107	0
ASV7	0	0	0	1040	0
ASV8	0	0	549	82	0
ASV9	0	0	455	83	0
ASV10	73	111	241	18	0
ASV11	45	0	371	0	0
ASV12	57	66	237	46	0
ASV13	76	78	230	0	0
ASV14	0	0	284	60	0
ASV15	265	0	0	50	0
ASV16	0	0	0	0	283
ASV17	52	63	167	0	0
ASV18	0	0	0	0	266
ASV19	0	0	0	0	263
ASV20	183	78	0	0	0
ASV21	0	0	0	0	261
ASV22	54	204	0	0	0
ASV23	42	110	0	0	98
ASV24	0	96	0	76	74
ASV25	46	54	86	50	0
ASV26	177	56	0	0	0
ASV27	175	55	0	0	0
ASV28	0	0	0	0	230
ASV29	0	0	0	0	228
ASV30	0	0	0	0	226
ASV31	85	105	31	0	0
ASV32	54	164	0	0	0
ASV33	150	53	0	0	9
ASV34	61	56	32	63	0
ASV35	11	51	0	0	146
ASV36	0	39	24	15	129
ASV37	0	0	0	0	207
ASV38	104	100	0	0	0
ASV39	18	60	63	61	0
ASV40	0	0	0	0	201
ASV41	200	0	0	0	0
ASV42	40	29	52	0	79
ASV43	0	39	0	0	151
ASV44	35	73	46	33	0
ASV45	0	54	0	85	48
ASV46	0	0	0	0	187
ASV47	0	0	0	0	182
ASV48	84	97	0	0	0
ASV49	49	132	0	0	0
ASV50	0	0	107	74	0
ASV51	0	0	0	0	176
ASV52	0	103	0	0	72
ASV53	172	0	0	0	0
ASV54	0	0	0	0	171
ASV55	0	40	0	0	129
ASV56	42	0	58	66	0
ASV57	81	8	30	44	0
ASV58	111	0	50	0	0
ASV59	51	110	0	0	0
ASV60	57	103	0	0	0
ASV61	0	43	0	58	59
ASV62	0	36	0	16	108
ASV63	0	0	94	65	0
ASV64	0	86	72	0	0
ASV65	49	0	0	43	65
ASV66	40	65	0	0	51
ASV67	35	63	0	46	12
ASV68	72	82	0	0	0
ASV69	37	0	63	54	0
ASV70	0	0	71	83	0
ASV71	124	0	29	0	0
ASV72	23	30	70	30	0
ASV73	0	0	0	0	153
ASV74	151	0	0	0	0
ASV75	29	112	0	0	10
ASV76	28	56	41	26	0
ASV77	0	0	0	0	151
ASV78	0	35	0	0	115
ASV79	0	83	0	0	66
ASV80	41	22	34	9	42
ASV81	0	73	68	0	7
ASV82	147	0	0	0	0
ASV83	0	0	0	0	145
ASV84	29	14	50	50	0
ASV85	29	47	38	28	0
ASV86	66	75	0	0	0
ASV87	16	44	9	71	0
ASV88	0	49	20	55	16
ASV89	68	0	0	0	70
ASV90	0	88	45	5	0
ASV91	49	0	88	0	0
ASV92	93	0	43	0	0
ASV93	45	0	0	0	91
ASV94	0	72	63	0	0
ASV95	73	47	14	0	0
ASV96	52	0	0	18	63
ASV97	25	107	0	0	0
ASV98	43	88	0	0	0
ASV99	0	45	51	33	0
ASV100	62	0	66	0	0
ASV101	0	38	39	51	0
ASV102	0	0	0	0	127
ASV103	32	12	44	0	38
ASV104	0	31	64	31	0
ASV105	0	0	92	34	0
ASV106	0	0	0	0	126
ASV107	86	0	0	39	0
ASV108	65	49	0	0	10
ASV109	26	50	48	0	0
ASV110	0	122	0	0	0
ASV111	0	0	0	0	122
ASV112	53	45	0	23	0
ASV113	31	90	0	0	0
ASV114	0	76	45	0	0
ASV115	0	48	43	30	0
ASV116	0	29	0	0	92
ASV117	0	0	71	50	0
ASV118	52	46	22	0	0
ASV119	0	19	34	67	0
ASV120	0	0	0	0	120
ASV121	47	48	0	24	0
ASV122	77	41	0	0	0
ASV123	117	0	0	0	0
ASV124	61	0	0	0	56
ASV125	0	0	117	0	0
ASV126	49	57	0	10	0
ASV127	48	0	68	0	0
ASV128	0	36	37	43	0
ASV129	0	0	0	0	116
ASV130	33	0	82	0	0
ASV131	0	89	0	0	26
ASV132	79	34	0	0	0
ASV133	67	0	46	0	0
ASV134	12	34	67	0	0
ASV135	0	0	0	0	113
ASV136	0	48	64	0	0
ASV137	70	41	0	0	0
ASV138	44	0	0	0	67
ASV139	37	60	14	0	0
ASV140	34	58	0	0	19
ASV141	0	51	33	26	0
ASV142	0	105	0	0	4
ASV143	0	78	31	0	0
ASV144	79	29	0	0	0
ASV145	0	62	46	0	0
ASV146	18	46	0	43	0
ASV147	0	63	0	44	0
ASV148	42	64	0	0	0
ASV149	38	0	0	0	68
ASV150	22	0	46	38	0
ASV151	0	80	26	0	0
ASV152	77	0	0	28	0
ASV153	51	51	3	0	0
ASV154	104	0	0	0	0
ASV155	65	0	39	0	0
ASV156	63	41	0	0	0
ASV157	51	0	0	53	0
ASV158	47	0	29	28	0
ASV159	38	22	0	44	0
ASV160	0	63	41	0	0
ASV161	0	44	60	0	0
ASV162	46	39	0	18	0
ASV163	40	63	0	0	0
ASV164	0	76	0	27	0
ASV165	0	44	23	36	0
ASV166	0	0	0	0	103
ASV167	0	0	0	0	103
ASV168	102	0	0	0	0
ASV169	42	0	30	30	0
ASV170	0	0	0	0	102
ASV171	48	53	0	0	0
ASV172	0	42	0	59	0
ASV173	0	14	43	44	0
ASV174	0	0	0	0	101
ASV175	50	50	0	0	0
ASV176	42	0	58	0	0
ASV177	8	32	0	60	0
ASV178	0	0	86	14	0
ASV179	0	39	0	0	60
ASV180	38	40	0	20	0
ASV181	0	68	0	0	30
ASV182	39	0	0	0	58
ASV183	34	0	29	34	0
ASV184	0	67	0	30	0
ASV185	66	29	0	0	0
ASV186	53	0	42	0	0
ASV187	49	46	0	0	0
ASV188	0	41	54	0	0
ASV189	58	0	0	36	0
ASV190	56	38	0	0	0
ASV191	43	51	0	0	0
ASV192	35	15	0	0	44
ASV193	23	35	36	0	0
ASV194	93	0	0	0	0
ASV195	93	0	0	0	0
ASV196	57	14	22	0	0
ASV197	0	60	0	33	0
ASV198	0	0	0	0	93
ASV199	61	0	0	0	31
ASV200	0	42	0	50	0
ASV201	0	41	51	0	0
ASV202	0	0	92	0	0
ASV203	0	0	63	29	0
ASV204	0	0	61	31	0
ASV205	0	91	0	0	0
ASV206	0	42	49	0	0
ASV207	0	0	91	0	0
ASV208	58	14	0	18	0
ASV209	0	90	0	0	0
ASV210	89	0	0	0	0
ASV211	46	43	0	0	0
ASV212	37	0	31	21	0
ASV213	32	29	0	28	0
ASV214	0	50	39	0	0
ASV215	0	10	50	29	0
ASV216	0	9	33	21	26
ASV217	0	0	89	0	0
ASV218	0	0	0	0	89
ASV219	60	0	28	0	0
ASV220	52	0	36	0	0
ASV221	31	57	0	0	0
ASV222	30	32	0	26	0
ASV223	0	39	49	0	0
ASV224	0	0	88	0	0
ASV225	0	0	35	53	0
ASV226	51	36	0	0	0
ASV227	34	20	0	33	0
ASV228	0	35	28	24	0
ASV229	0	0	0	0	87
ASV230	86	0	0	0	0
ASV231	51	14	0	0	21
ASV232	0	0	0	0	86
ASV233	0	24	12	49	0
ASV234	35	49	0	0	0
ASV235	30	54	0	0	0
ASV236	41	16	6	20	0
ASV237	24	15	44	0	0
ASV238	0	83	0	0	0
ASV239	0	0	46	37	0
ASV240	0	0	0	0	83
ASV241	74	8	0	0	0
ASV242	56	0	0	26	0
ASV243	34	0	0	0	48
ASV244	0	82	0	0	0
ASV245	0	82	0	0	0
ASV246	0	50	32	0	0
ASV247	0	0	82	0	0
ASV248	0	0	71	11	0
ASV249	0	0	53	29	0
ASV250	81	0	0	0	0
ASV251	81	0	0	0	0
ASV252	53	28	0	0	0
ASV253	23	0	42	16	0
ASV254	19	35	7	20	0
ASV255	0	40	0	0	41
ASV256	0	0	81	0	0
ASV257	0	0	81	0	0
ASV258	0	0	0	81	0
ASV259	0	0	0	0	81
ASV260	0	80	0	0	0
ASV261	0	9	64	7	0
ASV262	0	0	0	0	80
ASV263	0	0	0	0	80
ASV264	79	0	0	0	0
ASV265	79	0	0	0	0
ASV266	59	20	0	0	0
ASV267	0	72	0	7	0
ASV268	0	0	30	36	13
ASV269	0	0	0	17	62
ASV270	78	0	0	0	0
ASV271	32	46	0	0	0
ASV272	22	43	13	0	0
ASV273	17	50	11	0	0
ASV274	0	26	52	0	0
ASV275	0	18	42	0	18
ASV276	0	16	62	0	0
ASV277	0	14	64	0	0
ASV278	0	0	78	0	0
ASV279	77	0	0	0	0
ASV280	47	30	0	0	0
ASV281	24	18	16	19	0
ASV282	0	47	0	0	30
ASV283	0	0	0	0	77
ASV284	0	0	0	0	77
ASV285	49	27	0	0	0
ASV286	46	0	0	30	0
ASV287	28	0	9	39	0
ASV288	0	76	0	0	0
ASV289	0	0	46	30	0
ASV290	75	0	0	0	0
ASV291	0	75	0	0	0
ASV292	0	41	34	0	0
ASV293	0	0	75	0	0
ASV294	0	0	0	0	75
ASV295	0	0	0	0	75
ASV296	0	0	0	0	75
ASV297	53	0	21	0	0
ASV298	38	36	0	0	0
ASV299	32	29	0	13	0
ASV300	0	74	0	0	0
ASV301	0	74	0	0	0
ASV302	0	0	74	0	0
ASV303	0	0	74	0	0
ASV304	0	0	0	0	74
ASV305	7	0	66	0	0
ASV306	0	73	0	0	0
ASV307	0	27	0	0	46
ASV308	0	0	73	0	0
ASV309	0	0	41	32	0
ASV310	0	0	0	0	73
ASV311	72	0	0	0	0
ASV312	72	0	0	0	0
ASV313	54	0	0	18	0
ASV314	0	50	22	0	0
ASV315	0	0	53	19	0
ASV316	0	0	0	0	72
ASV317	6	0	0	65	0
ASV318	0	71	0	0	0
ASV319	0	0	71	0	0
ASV320	0	0	35	36	0
ASV321	0	0	0	71	0
ASV322	0	0	0	0	71
ASV323	0	0	0	0	71
ASV324	0	0	0	0	71
ASV325	0	0	0	0	71
ASV326	0	0	0	0	71
ASV327	0	70	0	0	0
ASV328	0	70	0	0	0
ASV329	0	60	0	10	0
ASV330	0	0	70	0	0
ASV331	0	0	0	70	0
ASV332	0	0	0	0	70
ASV333	0	0	0	0	70
ASV334	0	0	0	0	70
ASV335	69	0	0	0	0
ASV336	69	0	0	0	0
ASV337	22	47	0	0	0
ASV338	0	0	38	31	0
ASV339	0	0	0	0	69
ASV340	68	0	0	0	0
ASV341	68	0	0	0	0
ASV342	68	0	0	0	0
ASV343	46	0	22	0	0
ASV344	45	0	23	0	0
ASV345	10	25	16	17	0
ASV346	0	68	0	0	0
ASV347	0	0	68	0	0
ASV348	0	0	68	0	0
ASV349	0	0	68	0	0
ASV350	50	0	0	17	0
ASV351	0	67	0	0	0
ASV352	0	0	67	0	0
ASV353	0	0	0	0	67
ASV354	0	0	0	0	67
ASV355	42	0	0	24	0
ASV356	26	27	13	0	0
ASV357	20	46	0	0	0
ASV358	18	48	0	0	0
ASV359	0	66	0	0	0
ASV360	0	66	0	0	0
ASV361	0	51	0	15	0
ASV362	0	16	0	0	50
ASV363	0	0	66	0	0
ASV364	0	0	66	0	0
ASV365	0	0	66	0	0
ASV366	0	0	66	0	0
ASV367	0	0	53	13	0
ASV368	0	0	0	66	0
ASV369	0	0	0	0	66
ASV370	0	0	0	0	66
ASV371	0	0	0	0	66
ASV372	65	0	0	0	0
ASV373	65	0	0	0	0
ASV374	65	0	0	0	0
ASV375	39	26	0	0	0
ASV376	0	65	0	0	0
ASV377	0	0	40	25	0
ASV378	0	0	0	0	65
ASV379	0	0	0	0	65
ASV380	0	0	0	0	65
ASV381	0	0	0	0	65
ASV382	0	0	0	0	65
ASV383	0	0	0	0	65
ASV384	0	49	0	0	15
ASV385	0	0	64	0	0
ASV386	0	0	27	37	0
ASV387	0	0	0	0	64
ASV388	0	0	0	0	64
ASV389	0	0	0	0	64
ASV390	0	0	0	0	64
ASV391	63	0	0	0	0
ASV392	63	0	0	0	0
ASV393	21	28	14	0	0
ASV394	5	0	0	0	58
ASV395	0	0	63	0	0
ASV396	0	0	42	21	0
ASV397	0	0	0	0	63
ASV398	0	0	0	0	63
ASV399	0	0	0	0	63
ASV400	46	0	16	0	0
ASV401	0	62	0	0	0
ASV402	0	62	0	0	0
ASV403	0	62	0	0	0
ASV404	0	62	0	0	0
ASV405	0	62	0	0	0
ASV406	0	62	0	0	0
ASV407	0	50	7	5	0
ASV408	0	33	0	0	29
ASV409	0	26	0	0	36
ASV410	0	16	46	0	0
ASV411	0	5	18	24	15
ASV412	0	0	62	0	0
ASV413	0	0	0	0	62
ASV414	0	0	0	0	62
ASV415	61	0	0	0	0
ASV416	35	26	0	0	0
ASV417	19	0	15	27	0
ASV418	0	61	0	0	0
ASV419	0	61	0	0	0
ASV420	0	18	0	0	43
ASV421	0	0	61	0	0
ASV422	0	0	29	32	0
ASV423	0	0	0	0	61
ASV424	0	0	0	0	61
ASV425	0	0	0	0	61
ASV426	0	0	0	0	61
ASV427	60	0	0	0	0
ASV428	60	0	0	0	0
ASV429	6	21	4	0	29
ASV430	0	5	0	0	55
ASV431	0	0	24	36	0
ASV432	0	0	0	0	60
ASV433	0	0	0	0	60
ASV434	0	0	0	0	60
ASV435	0	0	0	0	60
ASV436	0	0	0	0	60
ASV437	0	0	0	0	60
ASV438	29	0	0	0	30
ASV439	0	59	0	0	0
ASV440	0	59	0	0	0
ASV441	0	46	13	0	0
ASV442	0	0	59	0	0
ASV443	0	0	59	0	0
ASV444	0	0	0	0	59
ASV445	0	0	0	0	59
ASV446	58	0	0	0	0
ASV447	38	20	0	0	0
ASV448	25	0	33	0	0
ASV449	22	36	0	0	0
ASV450	10	0	0	0	48
ASV451	0	0	58	0	0
ASV452	0	0	0	0	58
ASV453	0	0	0	0	58
ASV454	57	0	0	0	0
ASV455	57	0	0	0	0
ASV456	15	42	0	0	0
ASV457	0	57	0	0	0
ASV458	0	53	0	4	0
ASV459	0	0	57	0	0
ASV460	0	0	0	23	34
ASV461	0	0	0	0	57
ASV462	0	0	0	0	57
ASV463	0	0	0	0	57
ASV464	0	0	0	0	57
ASV465	0	0	0	0	57
ASV466	56	0	0	0	0
ASV467	56	0	0	0	0
ASV468	56	0	0	0	0
ASV469	13	21	22	0	0
ASV470	11	45	0	0	0
ASV471	0	56	0	0	0
ASV472	0	56	0	0	0
ASV473	0	7	0	0	49
ASV474	0	0	56	0	0
ASV475	0	0	56	0	0
ASV476	0	0	0	56	0
ASV477	0	0	0	0	56
ASV478	0	0	0	0	56
ASV479	0	0	0	0	56
ASV480	55	0	0	0	0
ASV481	34	21	0	0	0
ASV482	21	34	0	0	0
ASV483	15	0	0	0	40
ASV484	0	55	0	0	0
ASV485	0	0	55	0	0
ASV486	0	0	55	0	0
ASV487	0	0	19	36	0
ASV488	0	0	0	0	55
ASV489	0	0	0	0	55
ASV490	0	0	0	0	55
ASV491	0	0	0	0	55
ASV492	0	0	0	0	55
ASV493	54	0	0	0	0
ASV494	36	0	18	0	0
ASV495	34	20	0	0	0
ASV496	27	0	27	0	0
ASV497	22	0	32	0	0
ASV498	0	0	54	0	0
ASV499	0	0	54	0	0
ASV500	0	0	54	0	0
ASV501	0	0	46	8	0
ASV502	0	0	35	19	0
ASV503	0	0	31	23	0
ASV504	0	0	25	29	0
ASV505	0	0	20	17	17
ASV506	0	0	0	0	54
ASV507	0	0	0	0	54
ASV508	0	0	0	0	54
ASV509	0	0	0	0	54
ASV510	0	0	0	0	54
ASV511	53	0	0	0	0
ASV512	53	0	0	0	0
ASV513	40	13	0	0	0
ASV514	31	22	0	0	0
ASV515	28	0	0	0	25
ASV516	25	28	0	0	0
ASV517	0	53	0	0	0
ASV518	0	53	0	0	0
ASV519	0	8	0	18	27
ASV520	0	0	53	0	0
ASV521	0	0	34	0	19
ASV522	0	0	23	30	0
ASV523	0	0	0	0	53
ASV524	0	0	0	0	53
ASV525	0	0	0	0	53
ASV526	0	0	0	0	53
ASV527	0	0	0	0	53
ASV528	0	0	0	0	53
ASV529	0	0	0	0	53
ASV530	52	0	0	0	0
ASV531	45	0	7	0	0
ASV532	18	34	0	0	0
ASV533	17	0	0	0	35
ASV534	9	14	11	18	0
ASV535	9	0	43	0	0
ASV536	0	52	0	0	0
ASV537	0	52	0	0	0
ASV538	0	52	0	0	0
ASV539	0	0	52	0	0
ASV540	0	0	52	0	0
ASV541	0	0	52	0	0
ASV542	0	0	46	6	0
ASV543	0	0	30	22	0
ASV544	0	0	0	52	0
ASV545	0	0	0	0	52
ASV546	0	0	0	0	52
ASV547	0	0	0	0	52
ASV548	0	0	0	0	52
ASV549	0	0	0	0	52
ASV550	0	0	0	0	52
ASV551	51	0	0	0	0
ASV552	36	15	0	0	0
ASV553	0	51	0	0	0
ASV554	0	51	0	0	0
ASV555	0	37	0	14	0
ASV556	0	34	17	0	0
ASV557	0	0	51	0	0
ASV558	0	0	51	0	0
ASV559	0	0	51	0	0
ASV560	0	0	51	0	0
ASV561	0	0	51	0	0
ASV562	0	0	51	0	0
ASV563	0	0	9	0	42
ASV564	0	0	0	0	51
ASV565	0	0	0	0	51
ASV566	0	0	0	0	51
ASV567	50	0	0	0	0
ASV568	39	0	11	0	0
ASV569	37	13	0	0	0
ASV570	11	39	0	0	0
ASV571	6	0	44	0	0
ASV572	0	0	50	0	0
ASV573	0	0	50	0	0
ASV574	0	0	0	50	0
ASV575	0	0	0	50	0
ASV576	0	0	0	0	50
ASV577	0	0	0	0	50
ASV578	0	0	0	0	50
ASV579	0	0	0	0	50
ASV580	0	0	0	0	50
ASV581	49	0	0	0	0
ASV582	49	0	0	0	0
ASV583	31	18	0	0	0
ASV584	0	49	0	0	0
ASV585	0	49	0	0	0
ASV586	0	49	0	0	0
ASV587	0	49	0	0	0
ASV588	0	49	0	0	0
ASV589	0	15	0	0	34
ASV590	0	6	0	0	43
ASV591	0	0	49	0	0
ASV592	0	0	49	0	0
ASV593	0	0	49	0	0
ASV594	0	0	49	0	0
ASV595	0	0	49	0	0
ASV596	0	0	49	0	0
ASV597	0	0	49	0	0
ASV598	0	0	28	21	0
ASV599	0	0	0	49	0
ASV600	0	0	0	49	0
ASV601	0	0	0	49	0
ASV602	0	0	0	0	49
ASV603	0	0	0	0	49
ASV604	0	0	0	0	49
ASV605	0	0	0	0	49
ASV606	0	0	0	0	49
ASV607	0	0	0	0	49
ASV608	48	0	0	0	0
ASV609	48	0	0	0	0
ASV610	48	0	0	0	0
ASV611	48	0	0	0	0
ASV612	42	0	0	6	0
ASV613	25	23	0	0	0
ASV614	21	14	13	0	0
ASV615	0	48	0	0	0
ASV616	0	48	0	0	0
ASV617	0	48	0	0	0
ASV618	0	48	0	0	0
ASV619	0	48	0	0	0
ASV620	0	48	0	0	0
ASV621	0	0	48	0	0
ASV622	0	0	48	0	0
ASV623	0	0	48	0	0
ASV624	0	0	48	0	0
ASV625	0	0	48	0	0
ASV626	0	0	0	48	0
ASV627	0	0	0	0	48
ASV628	0	0	0	0	48
ASV629	0	0	0	0	48
ASV630	0	0	0	0	48
ASV631	47	0	0	0	0
ASV632	47	0	0	0	0
ASV633	13	0	0	0	34
ASV634	13	21	0	13	0
ASV635	0	47	0	0	0
ASV636	0	41	6	0	0
ASV637	0	34	13	0	0
ASV638	0	30	0	17	0
ASV639	0	0	47	0	0
ASV640	0	0	47	0	0
ASV641	0	0	47	0	0
ASV642	0	0	47	0	0
ASV643	0	0	40	7	0
ASV644	0	0	25	22	0
ASV645	0	0	24	23	0
ASV646	0	0	0	0	47
ASV647	0	0	0	0	47
ASV648	0	0	0	0	47
ASV649	0	0	0	0	47
ASV650	0	0	0	0	47
ASV651	0	0	0	0	47
ASV652	0	0	0	0	47
ASV653	0	0	0	0	47
ASV654	46	0	0	0	0
ASV655	46	0	0	0	0
ASV656	46	0	0	0	0
ASV657	34	12	0	0	0
ASV658	0	46	0	0	0
ASV659	0	46	0	0	0
ASV660	0	0	46	0	0
ASV661	0	0	46	0	0
ASV662	0	0	46	0	0
ASV663	0	0	22	0	24
ASV664	0	0	12	34	0
ASV665	0	0	0	0	46
ASV666	0	0	0	0	46
ASV667	0	0	0	0	46
ASV668	0	0	0	0	46
ASV669	0	0	0	0	46
ASV670	0	0	0	0	46
ASV671	0	0	0	0	46
ASV672	0	0	0	0	46
ASV673	45	0	0	0	0
ASV674	45	0	0	0	0
ASV675	45	0	0	0	0
ASV676	14	0	0	0	31
ASV677	0	45	0	0	0
ASV678	0	45	0	0	0
ASV679	0	45	0	0	0
ASV680	0	0	45	0	0
ASV681	0	0	45	0	0
ASV682	0	0	45	0	0
ASV683	0	0	45	0	0
ASV684	0	0	23	22	0
ASV685	0	0	13	32	0
ASV686	0	0	0	45	0
ASV687	0	0	0	45	0
ASV688	0	0	0	15	30
ASV689	0	0	0	0	45
ASV690	0	0	0	0	45
ASV691	0	0	0	0	45
ASV692	0	0	0	0	45
ASV693	0	0	0	0	45
ASV694	44	0	0	0	0
ASV695	44	0	0	0	0
ASV696	24	20	0	0	0
ASV697	23	0	0	21	0
ASV698	0	44	0	0	0
ASV699	0	44	0	0	0
ASV700	0	44	0	0	0
ASV701	0	44	0	0	0
ASV702	0	44	0	0	0
ASV703	0	33	11	0	0
ASV704	0	18	26	0	0
ASV705	0	11	0	0	33
ASV706	0	0	44	0	0
ASV707	0	0	44	0	0
ASV708	0	0	44	0	0
ASV709	0	0	20	24	0
ASV710	0	0	0	44	0
ASV711	0	0	0	44	0
ASV712	0	0	0	0	44
ASV713	0	0	0	0	44
ASV714	0	0	0	0	44
ASV715	0	0	0	0	44
ASV716	0	0	0	0	44
ASV717	0	0	0	0	44
ASV718	0	0	0	0	44
ASV719	0	0	0	0	44
ASV720	43	0	0	0	0
ASV721	43	0	0	0	0
ASV722	43	0	0	0	0
ASV723	0	43	0	0	0
ASV724	0	43	0	0	0
ASV725	0	43	0	0	0
ASV726	0	0	43	0	0
ASV727	0	0	43	0	0
ASV728	0	0	35	8	0
ASV729	0	0	0	43	0
ASV730	0	0	0	0	43
ASV731	0	0	0	0	43
ASV732	0	0	0	0	43
ASV733	0	0	0	0	43
ASV734	0	0	0	0	43
ASV735	42	0	0	0	0
ASV736	42	0	0	0	0
ASV737	42	0	0	0	0
ASV738	42	0	0	0	0
ASV739	20	22	0	0	0
ASV740	0	42	0	0	0
ASV741	0	42	0	0	0
ASV742	0	42	0	0	0
ASV743	0	42	0	0	0
ASV744	0	20	22	0	0
ASV745	0	0	42	0	0
ASV746	0	0	0	42	0
ASV747	0	0	0	0	42
ASV748	0	0	0	0	42
ASV749	0	0	0	0	42
ASV750	0	0	0	0	42
ASV751	0	0	0	0	42
ASV752	0	0	0	0	42
ASV753	0	0	0	0	42
ASV754	0	0	0	0	42
ASV755	41	0	0	0	0
ASV756	41	0	0	0	0
ASV757	30	0	0	11	0
ASV758	28	0	0	13	0
ASV759	5	0	0	36	0
ASV760	0	41	0	0	0
ASV761	0	41	0	0	0
ASV762	0	41	0	0	0
ASV763	0	41	0	0	0
ASV764	0	41	0	0	0
ASV765	0	41	0	0	0
ASV766	0	8	33	0	0
ASV767	0	0	35	6	0
ASV768	0	0	23	18	0
ASV769	0	0	0	41	0
ASV770	0	0	0	41	0
ASV771	0	0	0	0	41
ASV772	0	0	0	0	41
ASV773	0	0	0	0	41
ASV774	0	0	0	0	41
ASV775	0	0	0	0	41
ASV776	0	0	0	0	41
ASV777	40	0	0	0	0
ASV778	40	0	0	0	0
ASV779	40	0	0	0	0
ASV780	40	0	0	0	0
ASV781	40	0	0	0	0
ASV782	40	0	0	0	0
ASV783	23	0	0	17	0
ASV784	14	0	0	0	26
ASV785	0	40	0	0	0
ASV786	0	40	0	0	0
ASV787	0	40	0	0	0
ASV788	0	4	0	36	0
ASV789	0	0	40	0	0
ASV790	0	0	40	0	0
ASV791	0	0	40	0	0
ASV792	0	0	40	0	0
ASV793	0	0	0	0	40
ASV794	0	0	0	0	40
ASV795	0	0	0	0	40
ASV796	0	0	0	0	40
ASV797	39	0	0	0	0
ASV798	39	0	0	0	0
ASV799	39	0	0	0	0
ASV800	15	24	0	0	0
ASV801	7	0	0	0	32
ASV802	0	39	0	0	0
ASV803	0	39	0	0	0
ASV804	0	39	0	0	0
ASV805	0	39	0	0	0
ASV806	0	39	0	0	0
ASV807	0	39	0	0	0
ASV808	0	39	0	0	0
ASV809	0	20	0	0	19
ASV810	0	14	25	0	0
ASV811	0	0	39	0	0
ASV812	0	0	39	0	0
ASV813	0	0	39	0	0
ASV814	0	0	39	0	0
ASV815	0	0	39	0	0
ASV816	0	0	20	19	0
ASV817	0	0	0	39	0
ASV818	0	0	0	0	39
ASV819	0	0	0	0	39
ASV820	0	0	0	0	39
ASV821	0	0	0	0	39
ASV822	0	0	0	0	39
ASV823	0	0	0	0	39
ASV824	0	0	0	0	39
ASV825	0	0	0	0	39
ASV826	38	0	0	0	0
ASV827	38	0	0	0	0
ASV828	38	0	0	0	0
ASV829	38	0	0	0	0
ASV830	25	13	0	0	0
ASV831	0	38	0	0	0
ASV832	0	38	0	0	0
ASV833	0	38	0	0	0
ASV834	0	38	0	0	0
ASV835	0	38	0	0	0
ASV836	0	38	0	0	0
ASV837	0	38	0	0	0
ASV838	0	38	0	0	0
ASV839	0	38	0	0	0
ASV840	0	25	0	13	0
ASV841	0	0	38	0	0
ASV842	0	0	38	0	0
ASV843	0	0	38	0	0
ASV844	0	0	38	0	0
ASV845	0	0	38	0	0
ASV846	0	0	38	0	0
ASV847	0	0	0	38	0
ASV848	0	0	0	38	0
ASV849	0	0	0	24	14
ASV850	0	0	0	0	38
ASV851	0	0	0	0	38
ASV852	0	0	0	0	38
ASV853	0	0	0	0	38
ASV854	0	0	0	0	38
ASV855	0	0	0	0	38
ASV856	0	0	0	0	38
ASV857	0	0	0	0	38
ASV858	0	0	0	0	38
ASV859	0	0	0	0	38
ASV860	0	0	0	0	38
ASV861	0	0	0	0	38
ASV862	37	0	0	0	0
ASV863	37	0	0	0	0
ASV864	37	0	0	0	0
ASV865	37	0	0	0	0
ASV866	37	0	0	0	0
ASV867	37	0	0	0	0
ASV868	37	0	0	0	0
ASV869	0	37	0	0	0
ASV870	0	37	0	0	0
ASV871	0	37	0	0	0
ASV872	0	37	0	0	0
ASV873	0	37	0	0	0
ASV874	0	37	0	0	0
ASV875	0	37	0	0	0
ASV876	0	37	0	0	0
ASV877	0	37	0	0	0
ASV878	0	0	37	0	0
ASV879	0	0	37	0	0
ASV880	0	0	37	0	0
ASV881	0	0	37	0	0
ASV882	0	0	0	37	0
ASV883	0	0	0	0	37
ASV884	0	0	0	0	37
ASV885	0	0	0	0	37
ASV886	0	0	0	0	37
ASV887	0	0	0	0	37
ASV888	0	0	0	0	37
ASV889	0	0	0	0	37
ASV890	0	0	0	0	37
ASV891	0	0	0	0	37
ASV892	36	0	0	0	0
ASV893	36	0	0	0	0
ASV894	36	0	0	0	0
ASV895	36	0	0	0	0
ASV896	36	0	0	0	0
ASV897	27	0	0	9	0
ASV898	24	12	0	0	0
ASV899	15	0	21	0	0
ASV900	13	10	13	0	0
ASV901	0	36	0	0	0
ASV902	0	36	0	0	0
ASV903	0	36	0	0	0
ASV904	0	36	0	0	0
ASV905	0	36	0	0	0
ASV906	0	36	0	0	0
ASV907	0	8	28	0	0
ASV908	0	0	36	0	0
ASV909	0	0	36	0	0
ASV910	0	0	36	0	0
ASV911	0	0	36	0	0
ASV912	0	0	36	0	0
ASV913	0	0	18	0	18
ASV914	0	0	0	36	0
ASV915	0	0	0	36	0
ASV916	0	0	0	36	0
ASV917	0	0	0	0	36
ASV918	0	0	0	0	36
ASV919	0	0	0	0	36
ASV920	0	0	0	0	36
ASV921	0	0	0	0	36
ASV922	0	0	0	0	36
ASV923	0	0	0	0	36
ASV924	0	0	0	0	36
ASV925	0	0	0	0	36
ASV926	0	0	0	0	36
ASV927	35	0	0	0	0
ASV928	35	0	0	0	0
ASV929	35	0	0	0	0
ASV930	25	0	10	0	0
ASV931	0	35	0	0	0
ASV932	0	35	0	0	0
ASV933	0	35	0	0	0
ASV934	0	35	0	0	0
ASV935	0	35	0	0	0
ASV936	0	35	0	0	0
ASV937	0	35	0	0	0
ASV938	0	5	19	11	0
ASV939	0	0	35	0	0
ASV940	0	0	35	0	0
ASV941	0	0	35	0	0
ASV942	0	0	35	0	0
ASV943	0	0	35	0	0
ASV944	0	0	35	0	0
ASV945	0	0	35	0	0
ASV946	0	0	15	0	20
ASV947	0	0	0	35	0
ASV948	0	0	0	0	35
ASV949	0	0	0	0	35
ASV950	0	0	0	0	35
ASV951	0	0	0	0	35
ASV952	0	0	0	0	35
ASV953	0	0	0	0	35
ASV954	0	0	0	0	35
ASV955	0	0	0	0	35
ASV956	0	0	0	0	35
ASV957	0	0	0	0	35
ASV958	0	0	0	0	35
ASV959	0	0	0	0	35
ASV960	0	0	0	0	35
ASV961	34	0	0	0	0
ASV962	34	0	0	0	0
ASV963	34	0	0	0	0
ASV964	34	0	0	0	0
ASV965	34	0	0	0	0
ASV966	34	0	0	0	0
ASV967	18	16	0	0	0
ASV968	13	0	0	0	21
ASV969	12	22	0	0	0
ASV970	12	0	22	0	0
ASV971	0	34	0	0	0
ASV972	0	34	0	0	0
ASV973	0	34	0	0	0
ASV974	0	34	0	0	0
ASV975	0	34	0	0	0
ASV976	0	34	0	0	0
ASV977	0	34	0	0	0
ASV978	0	34	0	0	0
ASV979	0	11	0	0	23
ASV980	0	8	0	0	26
ASV981	0	0	34	0	0
ASV982	0	0	34	0	0
ASV983	0	0	34	0	0
ASV984	0	0	34	0	0
ASV985	0	0	34	0	0
ASV986	0	0	34	0	0
ASV987	0	0	34	0	0
ASV988	0	0	0	34	0
ASV989	0	0	0	34	0
ASV990	0	0	0	34	0
ASV991	0	0	0	0	34
ASV992	0	0	0	0	34
ASV993	0	0	0	0	34
ASV994	0	0	0	0	34
ASV995	0	0	0	0	34
ASV996	0	0	0	0	34
ASV997	33	0	0	0	0
ASV998	33	0	0	0	0
ASV999	33	0	0	0	0
ASV1000	33	0	0	0	0
ASV1001	33	0	0	0	0
ASV1002	33	0	0	0	0
ASV1003	33	0	0	0	0
ASV1004	33	0	0	0	0
ASV1005	18	0	0	0	15
ASV1006	0	33	0	0	0
ASV1007	0	33	0	0	0
ASV1008	0	33	0	0	0
ASV1009	0	33	0	0	0
ASV1010	0	33	0	0	0
ASV1011	0	24	0	9	0
ASV1012	0	18	15	0	0
ASV1013	0	17	16	0	0
ASV1014	0	14	19	0	0
ASV1015	0	0	33	0	0
ASV1016	0	0	33	0	0
ASV1017	0	0	33	0	0
ASV1018	0	0	33	0	0
ASV1019	0	0	33	0	0
ASV1020	0	0	0	13	20
ASV1021	0	0	0	0	33
ASV1022	0	0	0	0	33
ASV1023	0	0	0	0	33
ASV1024	0	0	0	0	33
ASV1025	0	0	0	0	33
ASV1026	0	0	0	0	33
ASV1027	0	0	0	0	33
ASV1028	0	0	0	0	33
ASV1029	0	0	0	0	33
ASV1030	0	0	0	0	33
ASV1031	32	0	0	0	0
ASV1032	32	0	0	0	0
ASV1033	32	0	0	0	0
ASV1034	32	0	0	0	0
ASV1035	32	0	0	0	0
ASV1036	32	0	0	0	0
ASV1037	32	0	0	0	0
ASV1038	32	0	0	0	0
ASV1039	32	0	0	0	0
ASV1040	20	0	0	0	12
ASV1041	12	20	0	0	0
ASV1042	0	32	0	0	0
ASV1043	0	32	0	0	0
ASV1044	0	32	0	0	0
ASV1045	0	32	0	0	0
ASV1046	0	32	0	0	0
ASV1047	0	24	0	8	0
ASV1048	0	13	19	0	0
ASV1049	0	3	29	0	0
ASV1050	0	0	32	0	0
ASV1051	0	0	32	0	0
ASV1052	0	0	32	0	0
ASV1053	0	0	32	0	0
ASV1054	0	0	32	0	0
ASV1055	0	0	32	0	0
ASV1056	0	0	22	10	0
ASV1057	0	0	0	0	32
ASV1058	0	0	0	0	32
ASV1059	0	0	0	0	32
ASV1060	0	0	0	0	32
ASV1061	0	0	0	0	32
ASV1062	0	0	0	0	32
ASV1063	0	0	0	0	32
ASV1064	0	0	0	0	32
ASV1065	0	0	0	0	32
ASV1066	0	0	0	0	32
ASV1067	0	0	0	0	32
ASV1068	0	0	0	0	32
ASV1069	0	0	0	0	32
ASV1070	31	0	0	0	0
ASV1071	31	0	0	0	0
ASV1072	31	0	0	0	0
ASV1073	31	0	0	0	0
ASV1074	31	0	0	0	0
ASV1075	18	0	13	0	0
ASV1076	8	0	0	0	23
ASV1077	0	31	0	0	0
ASV1078	0	31	0	0	0
ASV1079	0	31	0	0	0
ASV1080	0	31	0	0	0
ASV1081	0	31	0	0	0
ASV1082	0	31	0	0	0
ASV1083	0	31	0	0	0
ASV1084	0	31	0	0	0
ASV1085	0	0	31	0	0
ASV1086	0	0	31	0	0
ASV1087	0	0	14	17	0
ASV1088	0	0	0	31	0
ASV1089	0	0	0	31	0
ASV1090	0	0	0	31	0
ASV1091	0	0	0	31	0
ASV1092	0	0	0	31	0
ASV1093	0	0	0	0	31
ASV1094	0	0	0	0	31
ASV1095	0	0	0	0	31
ASV1096	0	0	0	0	31
ASV1097	0	0	0	0	31
ASV1098	0	0	0	0	31
ASV1099	0	0	0	0	31
ASV1100	0	0	0	0	31
ASV1101	0	0	0	0	31
ASV1102	0	0	0	0	31
ASV1103	0	0	0	0	31
ASV1104	0	0	0	0	31
ASV1105	0	0	0	0	31
ASV1106	0	0	0	0	31
ASV1107	0	0	0	0	31
ASV1108	30	0	0	0	0
ASV1109	30	0	0	0	0
ASV1110	30	0	0	0	0
ASV1111	30	0	0	0	0
ASV1112	6	0	0	24	0
ASV1113	0	30	0	0	0
ASV1114	0	30	0	0	0
ASV1115	0	30	0	0	0
ASV1116	0	30	0	0	0
ASV1117	0	30	0	0	0
ASV1118	0	30	0	0	0
ASV1119	0	30	0	0	0
ASV1120	0	6	0	0	24
ASV1121	0	6	24	0	0
ASV1122	0	0	30	0	0
ASV1123	0	0	30	0	0
ASV1124	0	0	30	0	0
ASV1125	0	0	30	0	0
ASV1126	0	0	30	0	0
ASV1127	0	0	30	0	0
ASV1128	0	0	0	30	0
ASV1129	0	0	0	30	0
ASV1130	0	0	0	30	0
ASV1131	0	0	0	12	18
ASV1132	0	0	0	0	30
ASV1133	0	0	0	0	30
ASV1134	0	0	0	0	30
ASV1135	0	0	0	0	30
ASV1136	0	0	0	0	30
ASV1137	0	0	0	0	30
ASV1138	0	0	0	0	30
ASV1139	0	0	0	0	30
ASV1140	0	0	0	0	30
ASV1141	0	0	0	0	30
ASV1142	0	0	0	0	30
ASV1143	0	0	0	0	30
ASV1144	0	0	0	0	30
ASV1145	0	0	0	0	30
ASV1146	0	0	0	0	30
ASV1147	29	0	0	0	0
ASV1148	29	0	0	0	0
ASV1149	29	0	0	0	0
ASV1150	29	0	0	0	0
ASV1151	29	0	0	0	0
ASV1152	29	0	0	0	0
ASV1153	29	0	0	0	0
ASV1154	29	0	0	0	0
ASV1155	29	0	0	0	0
ASV1156	12	0	17	0	0
ASV1157	12	17	0	0	0
ASV1158	10	0	19	0	0
ASV1159	9	0	0	0	20
ASV1160	0	29	0	0	0
ASV1161	0	29	0	0	0
ASV1162	0	29	0	0	0
ASV1163	0	29	0	0	0
ASV1164	0	29	0	0	0
ASV1165	0	29	0	0	0
ASV1166	0	3	0	0	26
ASV1167	0	0	29	0	0
ASV1168	0	0	29	0	0
ASV1169	0	0	29	0	0
ASV1170	0	0	29	0	0
ASV1171	0	0	29	0	0
ASV1172	0	0	29	0	0
ASV1173	0	0	29	0	0
ASV1174	0	0	29	0	0
ASV1175	0	0	0	29	0
ASV1176	0	0	0	29	0
ASV1177	0	0	0	29	0
ASV1178	0	0	0	0	29
ASV1179	0	0	0	0	29
ASV1180	0	0	0	0	29
ASV1181	0	0	0	0	29
ASV1182	0	0	0	0	29
ASV1183	0	0	0	0	29
ASV1184	0	0	0	0	29
ASV1185	0	0	0	0	29
ASV1186	0	0	0	0	29
ASV1187	0	0	0	0	29
ASV1188	0	0	0	0	29
ASV1189	0	0	0	0	29
ASV1190	0	0	0	0	29
ASV1191	0	0	0	0	29
ASV1192	0	0	0	0	29
ASV1193	0	0	0	0	29
ASV1194	0	0	0	0	29
ASV1195	0	0	0	0	29
ASV1196	28	0	0	0	0
ASV1197	28	0	0	0	0
ASV1198	28	0	0	0	0
ASV1199	28	0	0	0	0
ASV1200	28	0	0	0	0
ASV1201	28	0	0	0	0
ASV1202	28	0	0	0	0
ASV1203	28	0	0	0	0
ASV1204	28	0	0	0	0
ASV1205	28	0	0	0	0
ASV1206	12	0	13	3	0
ASV1207	0	28	0	0	0
ASV1208	0	28	0	0	0
ASV1209	0	28	0	0	0
ASV1210	0	28	0	0	0
ASV1211	0	28	0	0	0
ASV1212	0	28	0	0	0
ASV1213	0	28	0	0	0
ASV1214	0	0	28	0	0
ASV1215	0	0	28	0	0
ASV1216	0	0	28	0	0
ASV1217	0	0	28	0	0
ASV1218	0	0	28	0	0
ASV1219	0	0	0	0	28
ASV1220	0	0	0	0	28
ASV1221	0	0	0	0	28
ASV1222	0	0	0	0	28
ASV1223	0	0	0	0	28
ASV1224	0	0	0	0	28
ASV1225	0	0	0	0	28
ASV1226	0	0	0	0	28
ASV1227	27	0	0	0	0
ASV1228	27	0	0	0	0
ASV1229	27	0	0	0	0
ASV1230	27	0	0	0	0
ASV1231	27	0	0	0	0
ASV1232	27	0	0	0	0
ASV1233	27	0	0	0	0
ASV1234	27	0	0	0	0
ASV1235	22	0	0	5	0
ASV1236	12	15	0	0	0
ASV1237	0	27	0	0	0
ASV1238	0	27	0	0	0
ASV1239	0	27	0	0	0
ASV1240	0	27	0	0	0
ASV1241	0	27	0	0	0
ASV1242	0	27	0	0	0
ASV1243	0	27	0	0	0
ASV1244	0	27	0	0	0
ASV1245	0	27	0	0	0
ASV1246	0	27	0	0	0
ASV1247	0	27	0	0	0
ASV1248	0	27	0	0	0
ASV1249	0	27	0	0	0
ASV1250	0	27	0	0	0
ASV1251	0	27	0	0	0
ASV1252	0	14	13	0	0
ASV1253	0	11	16	0	0
ASV1254	0	5	0	0	22
ASV1255	0	0	27	0	0
ASV1256	0	0	27	0	0
ASV1257	0	0	27	0	0
ASV1258	0	0	27	0	0
ASV1259	0	0	27	0	0
ASV1260	0	0	27	0	0
ASV1261	0	0	27	0	0
ASV1262	0	0	27	0	0
ASV1263	0	0	27	0	0
ASV1264	0	0	0	27	0
ASV1265	0	0	0	27	0
ASV1266	0	0	0	27	0
ASV1267	0	0	0	0	27
ASV1268	0	0	0	0	27
ASV1269	0	0	0	0	27
ASV1270	0	0	0	0	27
ASV1271	0	0	0	0	27
ASV1272	0	0	0	0	27
ASV1273	0	0	0	0	27
ASV1274	0	0	0	0	27
ASV1275	26	0	0	0	0
ASV1276	26	0	0	0	0
ASV1277	26	0	0	0	0
ASV1278	26	0	0	0	0
ASV1279	26	0	0	0	0
ASV1280	26	0	0	0	0
ASV1281	15	0	0	0	11
ASV1282	12	14	0	0	0
ASV1283	9	0	0	17	0
ASV1284	0	26	0	0	0
ASV1285	0	26	0	0	0
ASV1286	0	26	0	0	0
ASV1287	0	26	0	0	0
ASV1288	0	26	0	0	0
ASV1289	0	26	0	0	0
ASV1290	0	26	0	0	0
ASV1291	0	26	0	0	0
ASV1292	0	26	0	0	0
ASV1293	0	14	0	0	12
ASV1294	0	0	26	0	0
ASV1295	0	0	26	0	0
ASV1296	0	0	26	0	0
ASV1297	0	0	26	0	0
ASV1298	0	0	26	0	0
ASV1299	0	0	26	0	0
ASV1300	0	0	26	0	0
ASV1301	0	0	26	0	0
ASV1302	0	0	26	0	0
ASV1303	0	0	26	0	0
ASV1304	0	0	12	14	0
ASV1305	0	0	0	26	0
ASV1306	0	0	0	26	0
ASV1307	0	0	0	26	0
ASV1308	0	0	0	26	0
ASV1309	0	0	0	26	0
ASV1310	0	0	0	26	0
ASV1311	0	0	0	0	26
ASV1312	0	0	0	0	26
ASV1313	0	0	0	0	26
ASV1314	0	0	0	0	26
ASV1315	0	0	0	0	26
ASV1316	0	0	0	0	26
ASV1317	0	0	0	0	26
ASV1318	0	0	0	0	26
ASV1319	0	0	0	0	26
ASV1320	25	0	0	0	0
ASV1321	25	0	0	0	0
ASV1322	25	0	0	0	0
ASV1323	25	0	0	0	0
ASV1324	25	0	0	0	0
ASV1325	25	0	0	0	0
ASV1326	25	0	0	0	0
ASV1327	25	0	0	0	0
ASV1328	25	0	0	0	0
ASV1329	25	0	0	0	0
ASV1330	25	0	0	0	0
ASV1331	25	0	0	0	0
ASV1332	25	0	0	0	0
ASV1333	25	0	0	0	0
ASV1334	16	0	0	0	9
ASV1335	12	5	0	0	8
ASV1336	10	0	15	0	0
ASV1337	0	25	0	0	0
ASV1338	0	25	0	0	0
ASV1339	0	25	0	0	0
ASV1340	0	25	0	0	0
ASV1341	0	25	0	0	0
ASV1342	0	25	0	0	0
ASV1343	0	25	0	0	0
ASV1344	0	25	0	0	0
ASV1345	0	25	0	0	0
ASV1346	0	15	0	0	10
ASV1347	0	13	0	12	0
ASV1348	0	11	0	0	14
ASV1349	0	0	25	0	0
ASV1350	0	0	25	0	0
ASV1351	0	0	25	0	0
ASV1352	0	0	25	0	0
ASV1353	0	0	25	0	0
ASV1354	0	0	25	0	0
ASV1355	0	0	25	0	0
ASV1356	0	0	12	0	13
ASV1357	0	0	0	25	0
ASV1358	0	0	0	25	0
ASV1359	0	0	0	25	0
ASV1360	0	0	0	0	25
ASV1361	0	0	0	0	25
ASV1362	0	0	0	0	25
ASV1363	0	0	0	0	25
ASV1364	0	0	0	0	25
ASV1365	0	0	0	0	25
ASV1366	0	0	0	0	25
ASV1367	0	0	0	0	25
ASV1368	0	0	0	0	25
ASV1369	0	0	0	0	25
ASV1370	0	0	0	0	25
ASV1371	0	0	0	0	25
ASV1372	0	0	0	0	25
ASV1373	0	0	0	0	25
ASV1374	24	0	0	0	0
ASV1375	24	0	0	0	0
ASV1376	24	0	0	0	0
ASV1377	24	0	0	0	0
ASV1378	24	0	0	0	0
ASV1379	24	0	0	0	0
ASV1380	15	0	0	9	0
ASV1381	0	24	0	0	0
ASV1382	0	24	0	0	0
ASV1383	0	24	0	0	0
ASV1384	0	24	0	0	0
ASV1385	0	24	0	0	0
ASV1386	0	24	0	0	0
ASV1387	0	24	0	0	0
ASV1388	0	24	0	0	0
ASV1389	0	24	0	0	0
ASV1390	0	24	0	0	0
ASV1391	0	13	0	0	11
ASV1392	0	2	0	15	7
ASV1393	0	0	24	0	0
ASV1394	0	0	24	0	0
ASV1395	0	0	24	0	0
ASV1396	0	0	24	0	0
ASV1397	0	0	24	0	0
ASV1398	0	0	24	0	0
ASV1399	0	0	24	0	0
ASV1400	0	0	24	0	0
ASV1401	0	0	16	8	0
ASV1402	0	0	0	24	0
ASV1403	0	0	0	24	0
ASV1404	0	0	0	24	0
ASV1405	0	0	0	0	24
ASV1406	0	0	0	0	24
ASV1407	0	0	0	0	24
ASV1408	0	0	0	0	24
ASV1409	0	0	0	0	24
ASV1410	0	0	0	0	24
ASV1411	0	0	0	0	24
ASV1412	0	0	0	0	24
ASV1413	0	0	0	0	24
ASV1414	0	0	0	0	24
ASV1415	0	0	0	0	24
ASV1416	0	0	0	0	24
ASV1417	0	0	0	0	24
ASV1418	0	0	0	0	24
ASV1419	0	0	0	0	24
ASV1420	0	0	0	0	24
ASV1421	23	0	0	0	0
ASV1422	23	0	0	0	0
ASV1423	23	0	0	0	0
ASV1424	23	0	0	0	0
ASV1425	23	0	0	0	0
ASV1426	23	0	0	0	0
ASV1427	13	0	0	10	0
ASV1428	11	12	0	0	0
ASV1429	9	14	0	0	0
ASV1430	9	0	14	0	0
ASV1431	4	9	1	9	0
ASV1432	0	23	0	0	0
ASV1433	0	23	0	0	0
ASV1434	0	23	0	0	0
ASV1435	0	23	0	0	0
ASV1436	0	0	23	0	0
ASV1437	0	0	23	0	0
ASV1438	0	0	23	0	0
ASV1439	0	0	23	0	0
ASV1440	0	0	23	0	0
ASV1441	0	0	23	0	0
ASV1442	0	0	23	0	0
ASV1443	0	0	23	0	0
ASV1444	0	0	23	0	0
ASV1445	0	0	23	0	0
ASV1446	0	0	23	0	0
ASV1447	0	0	23	0	0
ASV1448	0	0	23	0	0
ASV1449	0	0	23	0	0
ASV1450	0	0	23	0	0
ASV1451	0	0	0	23	0
ASV1452	0	0	0	23	0
ASV1453	0	0	0	23	0
ASV1454	0	0	0	23	0
ASV1455	0	0	0	23	0
ASV1456	0	0	0	23	0
ASV1457	0	0	0	23	0
ASV1458	0	0	0	23	0
ASV1459	0	0	0	0	23
ASV1460	0	0	0	0	23
ASV1461	0	0	0	0	23
ASV1462	0	0	0	0	23
ASV1463	0	0	0	0	23
ASV1464	0	0	0	0	23
ASV1465	0	0	0	0	23
ASV1466	0	0	0	0	23
ASV1467	0	0	0	0	23
ASV1468	0	0	0	0	23
ASV1469	0	0	0	0	23
ASV1470	22	0	0	0	0
ASV1471	22	0	0	0	0
ASV1472	22	0	0	0	0
ASV1473	22	0	0	0	0
ASV1474	22	0	0	0	0
ASV1475	22	0	0	0	0
ASV1476	22	0	0	0	0
ASV1477	22	0	0	0	0
ASV1478	0	22	0	0	0
ASV1479	0	22	0	0	0
ASV1480	0	22	0	0	0
ASV1481	0	22	0	0	0
ASV1482	0	22	0	0	0
ASV1483	0	22	0	0	0
ASV1484	0	22	0	0	0
ASV1485	0	22	0	0	0
ASV1486	0	22	0	0	0
ASV1487	0	13	0	0	9
ASV1488	0	7	15	0	0
ASV1489	0	0	22	0	0
ASV1490	0	0	22	0	0
ASV1491	0	0	22	0	0
ASV1492	0	0	22	0	0
ASV1493	0	0	22	0	0
ASV1494	0	0	22	0	0
ASV1495	0	0	22	0	0
ASV1496	0	0	22	0	0
ASV1497	0	0	22	0	0
ASV1498	0	0	13	9	0
ASV1499	0	0	9	13	0
ASV1500	0	0	0	22	0
ASV1501	0	0	0	22	0
ASV1502	0	0	0	22	0
ASV1503	0	0	0	22	0
ASV1504	0	0	0	22	0
ASV1505	0	0	0	22	0
ASV1506	0	0	0	0	22
ASV1507	0	0	0	0	22
ASV1508	0	0	0	0	22
ASV1509	0	0	0	0	22
ASV1510	0	0	0	0	22
ASV1511	0	0	0	0	22
ASV1512	0	0	0	0	22
ASV1513	0	0	0	0	22
ASV1514	0	0	0	0	22
ASV1515	0	0	0	0	22
ASV1516	0	0	0	0	22
ASV1517	0	0	0	0	22
ASV1518	0	0	0	0	22
ASV1519	0	0	0	0	22
ASV1520	0	0	0	0	22
ASV1521	0	0	0	0	22
ASV1522	0	0	0	0	22
ASV1523	21	0	0	0	0
ASV1524	21	0	0	0	0
ASV1525	21	0	0	0	0
ASV1526	21	0	0	0	0
ASV1527	21	0	0	0	0
ASV1528	21	0	0	0	0
ASV1529	21	0	0	0	0
ASV1530	21	0	0	0	0
ASV1531	21	0	0	0	0
ASV1532	21	0	0	0	0
ASV1533	21	0	0	0	0
ASV1534	21	0	0	0	0
ASV1535	21	0	0	0	0
ASV1536	21	0	0	0	0
ASV1537	21	0	0	0	0
ASV1538	8	13	0	0	0
ASV1539	0	21	0	0	0
ASV1540	0	21	0	0	0
ASV1541	0	21	0	0	0
ASV1542	0	21	0	0	0
ASV1543	0	21	0	0	0
ASV1544	0	21	0	0	0
ASV1545	0	21	0	0	0
ASV1546	0	21	0	0	0
ASV1547	0	21	0	0	0
ASV1548	0	21	0	0	0
ASV1549	0	21	0	0	0
ASV1550	0	21	0	0	0
ASV1551	0	21	0	0	0
ASV1552	0	0	21	0	0
ASV1553	0	0	21	0	0
ASV1554	0	0	21	0	0
ASV1555	0	0	21	0	0
ASV1556	0	0	21	0	0
ASV1557	0	0	21	0	0
ASV1558	0	0	21	0	0
ASV1559	0	0	21	0	0
ASV1560	0	0	21	0	0
ASV1561	0	0	21	0	0
ASV1562	0	0	21	0	0
ASV1563	0	0	9	12	0
ASV1564	0	0	0	21	0
ASV1565	0	0	0	21	0
ASV1566	0	0	0	21	0
ASV1567	0	0	0	0	21
ASV1568	0	0	0	0	21
ASV1569	0	0	0	0	21
ASV1570	0	0	0	0	21
ASV1571	0	0	0	0	21
ASV1572	0	0	0	0	21
ASV1573	0	0	0	0	21
ASV1574	0	0	0	0	21
ASV1575	0	0	0	0	21
ASV1576	0	0	0	0	21
ASV1577	0	0	0	0	21
ASV1578	0	0	0	0	21
ASV1579	0	0	0	0	21
ASV1580	0	0	0	0	21
ASV1581	0	0	0	0	21
ASV1582	0	0	0	0	21
ASV1583	0	0	0	0	21
ASV1584	0	0	0	0	21
ASV1585	0	0	0	0	21
ASV1586	0	0	0	0	21
ASV1587	20	0	0	0	0
ASV1588	20	0	0	0	0
ASV1589	20	0	0	0	0
ASV1590	20	0	0	0	0
ASV1591	20	0	0	0	0
ASV1592	20	0	0	0	0
ASV1593	20	0	0	0	0
ASV1594	20	0	0	0	0
ASV1595	20	0	0	0	0
ASV1596	20	0	0	0	0
ASV1597	20	0	0	0	0
ASV1598	20	0	0	0	0
ASV1599	20	0	0	0	0
ASV1600	20	0	0	0	0
ASV1601	20	0	0	0	0
ASV1602	20	0	0	0	0
ASV1603	20	0	0	0	0
ASV1604	20	0	0	0	0
ASV1605	20	0	0	0	0
ASV1606	0	20	0	0	0
ASV1607	0	20	0	0	0
ASV1608	0	20	0	0	0
ASV1609	0	20	0	0	0
ASV1610	0	20	0	0	0
ASV1611	0	20	0	0	0
ASV1612	0	20	0	0	0
ASV1613	0	20	0	0	0
ASV1614	0	20	0	0	0
ASV1615	0	20	0	0	0
ASV1616	0	0	20	0	0
ASV1617	0	0	20	0	0
ASV1618	0	0	20	0	0
ASV1619	0	0	20	0	0
ASV1620	0	0	20	0	0
ASV1621	0	0	20	0	0
ASV1622	0	0	20	0	0
ASV1623	0	0	20	0	0
ASV1624	0	0	20	0	0
ASV1625	0	0	20	0	0
ASV1626	0	0	20	0	0
ASV1627	0	0	20	0	0
ASV1628	0	0	20	0	0
ASV1629	0	0	20	0	0
ASV1630	0	0	20	0	0
ASV1631	0	0	20	0	0
ASV1632	0	0	20	0	0
ASV1633	0	0	20	0	0
ASV1634	0	0	0	20	0
ASV1635	0	0	0	20	0
ASV1636	0	0	0	20	0
ASV1637	0	0	0	20	0
ASV1638	0	0	0	20	0
ASV1639	0	0	0	20	0
ASV1640	0	0	0	20	0
ASV1641	0	0	0	20	0
ASV1642	0	0	0	0	20
ASV1643	0	0	0	0	20
ASV1644	0	0	0	0	20
ASV1645	0	0	0	0	20
ASV1646	0	0	0	0	20
ASV1647	0	0	0	0	20
ASV1648	0	0	0	0	20
ASV1649	0	0	0	0	20
ASV1650	0	0	0	0	20
ASV1651	0	0	0	0	20
ASV1652	0	0	0	0	20
ASV1653	0	0	0	0	20
ASV1654	0	0	0	0	20
ASV1655	0	0	0	0	20
ASV1656	0	0	0	0	20
ASV1657	0	0	0	0	20
ASV1658	0	0	0	0	20
ASV1659	19	0	0	0	0
ASV1660	19	0	0	0	0
ASV1661	19	0	0	0	0
ASV1662	19	0	0	0	0
ASV1663	19	0	0	0	0
ASV1664	19	0	0	0	0
ASV1665	19	0	0	0	0
ASV1666	19	0	0	0	0
ASV1667	19	0	0	0	0
ASV1668	19	0	0	0	0
ASV1669	19	0	0	0	0
ASV1670	19	0	0	0	0
ASV1671	19	0	0	0	0
ASV1672	19	0	0	0	0
ASV1673	15	0	0	4	0
ASV1674	0	19	0	0	0
ASV1675	0	19	0	0	0
ASV1676	0	19	0	0	0
ASV1677	0	19	0	0	0
ASV1678	0	19	0	0	0
ASV1679	0	19	0	0	0
ASV1680	0	19	0	0	0
ASV1681	0	19	0	0	0
ASV1682	0	19	0	0	0
ASV1683	0	19	0	0	0
ASV1684	0	19	0	0	0
ASV1685	0	19	0	0	0
ASV1686	0	19	0	0	0
ASV1687	0	19	0	0	0
ASV1688	0	19	0	0	0
ASV1689	0	0	19	0	0
ASV1690	0	0	19	0	0
ASV1691	0	0	19	0	0
ASV1692	0	0	19	0	0
ASV1693	0	0	19	0	0
ASV1694	0	0	19	0	0
ASV1695	0	0	19	0	0
ASV1696	0	0	19	0	0
ASV1697	0	0	19	0	0
ASV1698	0	0	19	0	0
ASV1699	0	0	19	0	0
ASV1700	0	0	19	0	0
ASV1701	0	0	19	0	0
ASV1702	0	0	19	0	0
ASV1703	0	0	19	0	0
ASV1704	0	0	9	10	0
ASV1705	0	0	0	19	0
ASV1706	0	0	0	19	0
ASV1707	0	0	0	19	0
ASV1708	0	0	0	19	0
ASV1709	0	0	0	0	19
ASV1710	0	0	0	0	19
ASV1711	0	0	0	0	19
ASV1712	0	0	0	0	19
ASV1713	0	0	0	0	19
ASV1714	0	0	0	0	19
ASV1715	0	0	0	0	19
ASV1716	0	0	0	0	19
ASV1717	0	0	0	0	19
ASV1718	0	0	0	0	19
ASV1719	0	0	0	0	19
ASV1720	0	0	0	0	19
ASV1721	0	0	0	0	19
ASV1722	0	0	0	0	19
ASV1723	0	0	0	0	19
ASV1724	0	0	0	0	19
ASV1725	0	0	0	0	19
ASV1726	0	0	0	0	19
ASV1727	0	0	0	0	19
ASV1728	0	0	0	0	19
ASV1729	0	0	0	0	19
ASV1730	0	0	0	0	19
ASV1731	0	0	0	0	19
ASV1732	0	0	0	0	19
ASV1733	18	0	0	0	0
ASV1734	18	0	0	0	0
ASV1735	18	0	0	0	0
ASV1736	18	0	0	0	0
ASV1737	18	0	0	0	0
ASV1738	18	0	0	0	0
ASV1739	18	0	0	0	0
ASV1740	18	0	0	0	0
ASV1741	18	0	0	0	0
ASV1742	18	0	0	0	0
ASV1743	18	0	0	0	0
ASV1744	18	0	0	0	0
ASV1745	18	0	0	0	0
ASV1746	18	0	0	0	0
ASV1747	18	0	0	0	0
ASV1748	9	0	9	0	0
ASV1749	5	0	0	13	0
ASV1750	0	18	0	0	0
ASV1751	0	18	0	0	0
ASV1752	0	18	0	0	0
ASV1753	0	18	0	0	0
ASV1754	0	18	0	0	0
ASV1755	0	18	0	0	0
ASV1756	0	18	0	0	0
ASV1757	0	18	0	0	0
ASV1758	0	18	0	0	0
ASV1759	0	18	0	0	0
ASV1760	0	18	0	0	0
ASV1761	0	18	0	0	0
ASV1762	0	18	0	0	0
ASV1763	0	18	0	0	0
ASV1764	0	18	0	0	0
ASV1765	0	18	0	0	0
ASV1766	0	18	0	0	0
ASV1767	0	9	9	0	0
ASV1768	0	6	12	0	0
ASV1769	0	0	18	0	0
ASV1770	0	0	18	0	0
ASV1771	0	0	18	0	0
ASV1772	0	0	18	0	0
ASV1773	0	0	18	0	0
ASV1774	0	0	18	0	0
ASV1775	0	0	18	0	0
ASV1776	0	0	18	0	0
ASV1777	0	0	18	0	0
ASV1778	0	0	18	0	0
ASV1779	0	0	18	0	0
ASV1780	0	0	18	0	0
ASV1781	0	0	18	0	0
ASV1782	0	0	18	0	0
ASV1783	0	0	18	0	0
ASV1784	0	0	18	0	0
ASV1785	0	0	18	0	0
ASV1786	0	0	18	0	0
ASV1787	0	0	18	0	0
ASV1788	0	0	18	0	0
ASV1789	0	0	18	0	0
ASV1790	0	0	7	11	0
ASV1791	0	0	0	18	0
ASV1792	0	0	0	18	0
ASV1793	0	0	0	18	0
ASV1794	0	0	0	18	0
ASV1795	0	0	0	18	0
ASV1796	0	0	0	18	0
ASV1797	0	0	0	18	0
ASV1798	0	0	0	18	0
ASV1799	0	0	0	18	0
ASV1800	0	0	0	18	0
ASV1801	0	0	0	18	0
ASV1802	0	0	0	18	0
ASV1803	0	0	0	18	0
ASV1804	0	0	0	0	18
ASV1805	0	0	0	0	18
ASV1806	0	0	0	0	18
ASV1807	0	0	0	0	18
ASV1808	0	0	0	0	18
ASV1809	0	0	0	0	18
ASV1810	0	0	0	0	18
ASV1811	0	0	0	0	18
ASV1812	0	0	0	0	18
ASV1813	0	0	0	0	18
ASV1814	0	0	0	0	18
ASV1815	0	0	0	0	18
ASV1816	0	0	0	0	18
ASV1817	0	0	0	0	18
ASV1818	0	0	0	0	18
ASV1819	0	0	0	0	18
ASV1820	0	0	0	0	18
ASV1821	0	0	0	0	18
ASV1822	0	0	0	0	18
ASV1823	0	0	0	0	18
ASV1824	17	0	0	0	0
ASV1825	17	0	0	0	0
ASV1826	17	0	0	0	0
ASV1827	17	0	0	0	0
ASV1828	17	0	0	0	0
ASV1829	17	0	0	0	0
ASV1830	17	0	0	0	0
ASV1831	17	0	0	0	0
ASV1832	17	0	0	0	0
ASV1833	17	0	0	0	0
ASV1834	17	0	0	0	0
ASV1835	17	0	0	0	0
ASV1836	17	0	0	0	0
ASV1837	17	0	0	0	0
ASV1838	17	0	0	0	0
ASV1839	17	0	0	0	0
ASV1840	17	0	0	0	0
ASV1841	17	0	0	0	0
ASV1842	12	0	5	0	0
ASV1843	0	17	0	0	0
ASV1844	0	17	0	0	0
ASV1845	0	17	0	0	0
ASV1846	0	17	0	0	0
ASV1847	0	17	0	0	0
ASV1848	0	17	0	0	0
ASV1849	0	17	0	0	0
ASV1850	0	17	0	0	0
ASV1851	0	17	0	0	0
ASV1852	0	17	0	0	0
ASV1853	0	17	0	0	0
ASV1854	0	17	0	0	0
ASV1855	0	17	0	0	0
ASV1856	0	17	0	0	0
ASV1857	0	17	0	0	0
ASV1858	0	17	0	0	0
ASV1859	0	17	0	0	0
ASV1860	0	0	17	0	0
ASV1861	0	0	17	0	0
ASV1862	0	0	17	0	0
ASV1863	0	0	17	0	0
ASV1864	0	0	17	0	0
ASV1865	0	0	17	0	0
ASV1866	0	0	17	0	0
ASV1867	0	0	17	0	0
ASV1868	0	0	17	0	0
ASV1869	0	0	17	0	0
ASV1870	0	0	17	0	0
ASV1871	0	0	17	0	0
ASV1872	0	0	17	0	0
ASV1873	0	0	17	0	0
ASV1874	0	0	17	0	0
ASV1875	0	0	17	0	0
ASV1876	0	0	17	0	0
ASV1877	0	0	17	0	0
ASV1878	0	0	17	0	0
ASV1879	0	0	0	17	0
ASV1880	0	0	0	17	0
ASV1881	0	0	0	17	0
ASV1882	0	0	0	17	0
ASV1883	0	0	0	17	0
ASV1884	0	0	0	0	17
ASV1885	0	0	0	0	17
ASV1886	0	0	0	0	17
ASV1887	0	0	0	0	17
ASV1888	0	0	0	0	17
ASV1889	0	0	0	0	17
ASV1890	0	0	0	0	17
ASV1891	0	0	0	0	17
ASV1892	0	0	0	0	17
ASV1893	0	0	0	0	17
ASV1894	0	0	0	0	17
ASV1895	0	0	0	0	17
ASV1896	0	0	0	0	17
ASV1897	0	0	0	0	17
ASV1898	0	0	0	0	17
ASV1899	0	0	0	0	17
ASV1900	0	0	0	0	17
ASV1901	0	0	0	0	17
ASV1902	0	0	0	0	17
ASV1903	0	0	0	0	17
ASV1904	0	0	0	0	17
ASV1905	0	0	0	0	17
ASV1906	0	0	0	0	17
ASV1907	0	0	0	0	17
ASV1908	16	0	0	0	0
ASV1909	16	0	0	0	0
ASV1910	16	0	0	0	0
ASV1911	16	0	0	0	0
ASV1912	16	0	0	0	0
ASV1913	16	0	0	0	0
ASV1914	16	0	0	0	0
ASV1915	16	0	0	0	0
ASV1916	16	0	0	0	0
ASV1917	16	0	0	0	0
ASV1918	16	0	0	0	0
ASV1919	16	0	0	0	0
ASV1920	16	0	0	0	0
ASV1921	16	0	0	0	0
ASV1922	16	0	0	0	0
ASV1923	16	0	0	0	0
ASV1924	16	0	0	0	0
ASV1925	16	0	0	0	0
ASV1926	16	0	0	0	0
ASV1927	16	0	0	0	0
ASV1928	8	8	0	0	0
ASV1929	0	16	0	0	0
ASV1930	0	16	0	0	0
ASV1931	0	16	0	0	0
ASV1932	0	16	0	0	0
ASV1933	0	16	0	0	0
ASV1934	0	16	0	0	0
ASV1935	0	16	0	0	0
ASV1936	0	16	0	0	0
ASV1937	0	16	0	0	0
ASV1938	0	16	0	0	0
ASV1939	0	16	0	0	0
ASV1940	0	16	0	0	0
ASV1941	0	16	0	0	0
ASV1942	0	16	0	0	0
ASV1943	0	16	0	0	0
ASV1944	0	16	0	0	0
ASV1945	0	16	0	0	0
ASV1946	0	16	0	0	0
ASV1947	0	16	0	0	0
ASV1948	0	16	0	0	0
ASV1949	0	16	0	0	0
ASV1950	0	0	16	0	0
ASV1951	0	0	16	0	0
ASV1952	0	0	16	0	0
ASV1953	0	0	16	0	0
ASV1954	0	0	16	0	0
ASV1955	0	0	16	0	0
ASV1956	0	0	16	0	0
ASV1957	0	0	16	0	0
ASV1958	0	0	16	0	0
ASV1959	0	0	16	0	0
ASV1960	0	0	16	0	0
ASV1961	0	0	16	0	0
ASV1962	0	0	16	0	0
ASV1963	0	0	16	0	0
ASV1964	0	0	16	0	0
ASV1965	0	0	16	0	0
ASV1966	0	0	9	0	7
ASV1967	0	0	0	16	0
ASV1968	0	0	0	16	0
ASV1969	0	0	0	16	0
ASV1970	0	0	0	16	0
ASV1971	0	0	0	16	0
ASV1972	0	0	0	16	0
ASV1973	0	0	0	16	0
ASV1974	0	0	0	16	0
ASV1975	0	0	0	16	0
ASV1976	0	0	0	0	16
ASV1977	0	0	0	0	16
ASV1978	0	0	0	0	16
ASV1979	0	0	0	0	16
ASV1980	0	0	0	0	16
ASV1981	0	0	0	0	16
ASV1982	0	0	0	0	16
ASV1983	0	0	0	0	16
ASV1984	0	0	0	0	16
ASV1985	0	0	0	0	16
ASV1986	0	0	0	0	16
ASV1987	0	0	0	0	16
ASV1988	0	0	0	0	16
ASV1989	0	0	0	0	16
ASV1990	0	0	0	0	16
ASV1991	0	0	0	0	16
ASV1992	0	0	0	0	16
ASV1993	0	0	0	0	16
ASV1994	0	0	0	0	16
ASV1995	0	0	0	0	16
ASV1996	15	0	0	0	0
ASV1997	15	0	0	0	0
ASV1998	15	0	0	0	0
ASV1999	15	0	0	0	0
ASV2000	15	0	0	0	0
ASV2001	15	0	0	0	0
ASV2002	15	0	0	0	0
ASV2003	15	0	0	0	0
ASV2004	15	0	0	0	0
ASV2005	15	0	0	0	0
ASV2006	15	0	0	0	0
ASV2007	15	0	0	0	0
ASV2008	15	0	0	0	0
ASV2009	15	0	0	0	0
ASV2010	15	0	0	0	0
ASV2011	15	0	0	0	0
ASV2012	15	0	0	0	0
ASV2013	15	0	0	0	0
ASV2014	3	12	0	0	0
ASV2015	0	15	0	0	0
ASV2016	0	15	0	0	0
ASV2017	0	15	0	0	0
ASV2018	0	15	0	0	0
ASV2019	0	15	0	0	0
ASV2020	0	15	0	0	0
ASV2021	0	15	0	0	0
ASV2022	0	15	0	0	0
ASV2023	0	15	0	0	0
ASV2024	0	15	0	0	0
ASV2025	0	15	0	0	0
ASV2026	0	15	0	0	0
ASV2027	0	11	4	0	0
ASV2028	0	0	15	0	0
ASV2029	0	0	15	0	0
ASV2030	0	0	15	0	0
ASV2031	0	0	15	0	0
ASV2032	0	0	15	0	0
ASV2033	0	0	15	0	0
ASV2034	0	0	15	0	0
ASV2035	0	0	15	0	0
ASV2036	0	0	15	0	0
ASV2037	0	0	15	0	0
ASV2038	0	0	15	0	0
ASV2039	0	0	15	0	0
ASV2040	0	0	15	0	0
ASV2041	0	0	15	0	0
ASV2042	0	0	15	0	0
ASV2043	0	0	15	0	0
ASV2044	0	0	15	0	0
ASV2045	0	0	5	0	10
ASV2046	0	0	0	15	0
ASV2047	0	0	0	15	0
ASV2048	0	0	0	15	0
ASV2049	0	0	0	15	0
ASV2050	0	0	0	15	0
ASV2051	0	0	0	15	0
ASV2052	0	0	0	15	0
ASV2053	0	0	0	15	0
ASV2054	0	0	0	15	0
ASV2055	0	0	0	15	0
ASV2056	0	0	0	15	0
ASV2057	0	0	0	15	0
ASV2058	0	0	0	7	8
ASV2059	0	0	0	0	15
ASV2060	0	0	0	0	15
ASV2061	0	0	0	0	15
ASV2062	0	0	0	0	15
ASV2063	0	0	0	0	15
ASV2064	0	0	0	0	15
ASV2065	0	0	0	0	15
ASV2066	0	0	0	0	15
ASV2067	0	0	0	0	15
ASV2068	0	0	0	0	15
ASV2069	0	0	0	0	15
ASV2070	0	0	0	0	15
ASV2071	0	0	0	0	15
ASV2072	0	0	0	0	15
ASV2073	0	0	0	0	15
ASV2074	0	0	0	0	15
ASV2075	0	0	0	0	15
ASV2076	0	0	0	0	15
ASV2077	0	0	0	0	15
ASV2078	0	0	0	0	15
ASV2079	0	0	0	0	15
ASV2080	0	0	0	0	15
ASV2081	0	0	0	0	15
ASV2082	0	0	0	0	15
ASV2083	0	0	0	0	15
ASV2084	0	0	0	0	15
ASV2085	0	0	0	0	15
ASV2086	0	0	0	0	15
ASV2087	0	0	0	0	15
ASV2088	0	0	0	0	15
ASV2089	0	0	0	0	15
ASV2090	0	0	0	0	15
ASV2091	14	0	0	0	0
ASV2092	14	0	0	0	0
ASV2093	14	0	0	0	0
ASV2094	14	0	0	0	0
ASV2095	14	0	0	0	0
ASV2096	14	0	0	0	0
ASV2097	14	0	0	0	0
ASV2098	14	0	0	0	0
ASV2099	14	0	0	0	0
ASV2100	14	0	0	0	0
ASV2101	14	0	0	0	0
ASV2102	14	0	0	0	0
ASV2103	14	0	0	0	0
ASV2104	14	0	0	0	0
ASV2105	14	0	0	0	0
ASV2106	14	0	0	0	0
ASV2107	14	0	0	0	0
ASV2108	14	0	0	0	0
ASV2109	14	0	0	0	0
ASV2110	8	6	0	0	0
ASV2111	0	14	0	0	0
ASV2112	0	14	0	0	0
ASV2113	0	14	0	0	0
ASV2114	0	14	0	0	0
ASV2115	0	14	0	0	0
ASV2116	0	14	0	0	0
ASV2117	0	14	0	0	0
ASV2118	0	14	0	0	0
ASV2119	0	14	0	0	0
ASV2120	0	14	0	0	0
ASV2121	0	14	0	0	0
ASV2122	0	14	0	0	0
ASV2123	0	14	0	0	0
ASV2124	0	14	0	0	0
ASV2125	0	14	0	0	0
ASV2126	0	14	0	0	0
ASV2127	0	14	0	0	0
ASV2128	0	14	0	0	0
ASV2129	0	14	0	0	0
ASV2130	0	14	0	0	0
ASV2131	0	14	0	0	0
ASV2132	0	14	0	0	0
ASV2133	0	14	0	0	0
ASV2134	0	14	0	0	0
ASV2135	0	14	0	0	0
ASV2136	0	4	10	0	0
ASV2137	0	0	14	0	0
ASV2138	0	0	14	0	0
ASV2139	0	0	14	0	0
ASV2140	0	0	14	0	0
ASV2141	0	0	14	0	0
ASV2142	0	0	14	0	0
ASV2143	0	0	14	0	0
ASV2144	0	0	14	0	0
ASV2145	0	0	14	0	0
ASV2146	0	0	14	0	0
ASV2147	0	0	14	0	0
ASV2148	0	0	14	0	0
ASV2149	0	0	14	0	0
ASV2150	0	0	14	0	0
ASV2151	0	0	14	0	0
ASV2152	0	0	14	0	0
ASV2153	0	0	14	0	0
ASV2154	0	0	14	0	0
ASV2155	0	0	14	0	0
ASV2156	0	0	14	0	0
ASV2157	0	0	14	0	0
ASV2158	0	0	14	0	0
ASV2159	0	0	14	0	0
ASV2160	0	0	14	0	0
ASV2161	0	0	14	0	0
ASV2162	0	0	14	0	0
ASV2163	0	0	14	0	0
ASV2164	0	0	14	0	0
ASV2165	0	0	14	0	0
ASV2166	0	0	14	0	0
ASV2167	0	0	14	0	0
ASV2168	0	0	0	14	0
ASV2169	0	0	0	14	0
ASV2170	0	0	0	14	0
ASV2171	0	0	0	14	0
ASV2172	0	0	0	14	0
ASV2173	0	0	0	14	0
ASV2174	0	0	0	14	0
ASV2175	0	0	0	14	0
ASV2176	0	0	0	0	14
ASV2177	0	0	0	0	14
ASV2178	0	0	0	0	14
ASV2179	0	0	0	0	14
ASV2180	0	0	0	0	14
ASV2181	0	0	0	0	14
ASV2182	0	0	0	0	14
ASV2183	0	0	0	0	14
ASV2184	0	0	0	0	14
ASV2185	0	0	0	0	14
ASV2186	0	0	0	0	14
ASV2187	0	0	0	0	14
ASV2188	0	0	0	0	14
ASV2189	0	0	0	0	14
ASV2190	0	0	0	0	14
ASV2191	0	0	0	0	14
ASV2192	0	0	0	0	14
ASV2193	0	0	0	0	14
ASV2194	0	0	0	0	14
ASV2195	0	0	0	0	14
ASV2196	0	0	0	0	14
ASV2197	0	0	0	0	14
ASV2198	0	0	0	0	14
ASV2199	0	0	0	0	14
ASV2200	0	0	0	0	14
ASV2201	0	0	0	0	14
ASV2202	0	0	0	0	14
ASV2203	0	0	0	0	14
ASV2204	0	0	0	0	14
ASV2205	0	0	0	0	14
ASV2206	0	0	0	0	14
ASV2207	0	0	0	0	14
ASV2208	13	0	0	0	0
ASV2209	13	0	0	0	0
ASV2210	13	0	0	0	0
ASV2211	13	0	0	0	0
ASV2212	13	0	0	0	0
ASV2213	13	0	0	0	0
ASV2214	13	0	0	0	0
ASV2215	13	0	0	0	0
ASV2216	13	0	0	0	0
ASV2217	13	0	0	0	0
ASV2218	13	0	0	0	0
ASV2219	13	0	0	0	0
ASV2220	13	0	0	0	0
ASV2221	13	0	0	0	0
ASV2222	13	0	0	0	0
ASV2223	13	0	0	0	0
ASV2224	13	0	0	0	0
ASV2225	7	6	0	0	0
ASV2226	6	0	0	0	7
ASV2227	0	13	0	0	0
ASV2228	0	13	0	0	0
ASV2229	0	13	0	0	0
ASV2230	0	13	0	0	0
ASV2231	0	13	0	0	0
ASV2232	0	13	0	0	0
ASV2233	0	13	0	0	0
ASV2234	0	13	0	0	0
ASV2235	0	13	0	0	0
ASV2236	0	13	0	0	0
ASV2237	0	13	0	0	0
ASV2238	0	13	0	0	0
ASV2239	0	13	0	0	0
ASV2240	0	13	0	0	0
ASV2241	0	13	0	0	0
ASV2242	0	13	0	0	0
ASV2243	0	13	0	0	0
ASV2244	0	13	0	0	0
ASV2245	0	13	0	0	0
ASV2246	0	13	0	0	0
ASV2247	0	13	0	0	0
ASV2248	0	13	0	0	0
ASV2249	0	13	0	0	0
ASV2250	0	8	0	5	0
ASV2251	0	0	13	0	0
ASV2252	0	0	13	0	0
ASV2253	0	0	13	0	0
ASV2254	0	0	13	0	0
ASV2255	0	0	13	0	0
ASV2256	0	0	13	0	0
ASV2257	0	0	13	0	0
ASV2258	0	0	13	0	0
ASV2259	0	0	13	0	0
ASV2260	0	0	13	0	0
ASV2261	0	0	13	0	0
ASV2262	0	0	13	0	0
ASV2263	0	0	13	0	0
ASV2264	0	0	13	0	0
ASV2265	0	0	13	0	0
ASV2266	0	0	13	0	0
ASV2267	0	0	13	0	0
ASV2268	0	0	13	0	0
ASV2269	0	0	13	0	0
ASV2270	0	0	13	0	0
ASV2271	0	0	13	0	0
ASV2272	0	0	13	0	0
ASV2273	0	0	0	13	0
ASV2274	0	0	0	13	0
ASV2275	0	0	0	13	0
ASV2276	0	0	0	13	0
ASV2277	0	0	0	13	0
ASV2278	0	0	0	13	0
ASV2279	0	0	0	13	0
ASV2280	0	0	0	13	0
ASV2281	0	0	0	13	0
ASV2282	0	0	0	13	0
ASV2283	0	0	0	13	0
ASV2284	0	0	0	13	0
ASV2285	0	0	0	13	0
ASV2286	0	0	0	0	13
ASV2287	0	0	0	0	13
ASV2288	0	0	0	0	13
ASV2289	0	0	0	0	13
ASV2290	0	0	0	0	13
ASV2291	0	0	0	0	13
ASV2292	0	0	0	0	13
ASV2293	0	0	0	0	13
ASV2294	0	0	0	0	13
ASV2295	0	0	0	0	13
ASV2296	0	0	0	0	13
ASV2297	0	0	0	0	13
ASV2298	0	0	0	0	13
ASV2299	0	0	0	0	13
ASV2300	0	0	0	0	13
ASV2301	0	0	0	0	13
ASV2302	0	0	0	0	13
ASV2303	0	0	0	0	13
ASV2304	0	0	0	0	13
ASV2305	0	0	0	0	13
ASV2306	0	0	0	0	13
ASV2307	0	0	0	0	13
ASV2308	0	0	0	0	13
ASV2309	12	0	0	0	0
ASV2310	12	0	0	0	0
ASV2311	12	0	0	0	0
ASV2312	12	0	0	0	0
ASV2313	12	0	0	0	0
ASV2314	12	0	0	0	0
ASV2315	12	0	0	0	0
ASV2316	12	0	0	0	0
ASV2317	12	0	0	0	0
ASV2318	12	0	0	0	0
ASV2319	12	0	0	0	0
ASV2320	12	0	0	0	0
ASV2321	12	0	0	0	0
ASV2322	12	0	0	0	0
ASV2323	12	0	0	0	0
ASV2324	12	0	0	0	0
ASV2325	12	0	0	0	0
ASV2326	12	0	0	0	0
ASV2327	12	0	0	0	0
ASV2328	12	0	0	0	0
ASV2329	12	0	0	0	0
ASV2330	12	0	0	0	0
ASV2331	12	0	0	0	0
ASV2332	0	12	0	0	0
ASV2333	0	12	0	0	0
ASV2334	0	12	0	0	0
ASV2335	0	12	0	0	0
ASV2336	0	12	0	0	0
ASV2337	0	12	0	0	0
ASV2338	0	12	0	0	0
ASV2339	0	12	0	0	0
ASV2340	0	12	0	0	0
ASV2341	0	12	0	0	0
ASV2342	0	12	0	0	0
ASV2343	0	12	0	0	0
ASV2344	0	12	0	0	0
ASV2345	0	12	0	0	0
ASV2346	0	12	0	0	0
ASV2347	0	12	0	0	0
ASV2348	0	12	0	0	0
ASV2349	0	12	0	0	0
ASV2350	0	12	0	0	0
ASV2351	0	12	0	0	0
ASV2352	0	12	0	0	0
ASV2353	0	12	0	0	0
ASV2354	0	0	12	0	0
ASV2355	0	0	12	0	0
ASV2356	0	0	12	0	0
ASV2357	0	0	12	0	0
ASV2358	0	0	12	0	0
ASV2359	0	0	12	0	0
ASV2360	0	0	12	0	0
ASV2361	0	0	12	0	0
ASV2362	0	0	12	0	0
ASV2363	0	0	12	0	0
ASV2364	0	0	12	0	0
ASV2365	0	0	12	0	0
ASV2366	0	0	12	0	0
ASV2367	0	0	12	0	0
ASV2368	0	0	12	0	0
ASV2369	0	0	12	0	0
ASV2370	0	0	12	0	0
ASV2371	0	0	12	0	0
ASV2372	0	0	12	0	0
ASV2373	0	0	12	0	0
ASV2374	0	0	12	0	0
ASV2375	0	0	12	0	0
ASV2376	0	0	12	0	0
ASV2377	0	0	12	0	0
ASV2378	0	0	12	0	0
ASV2379	0	0	12	0	0
ASV2380	0	0	12	0	0
ASV2381	0	0	12	0	0
ASV2382	0	0	12	0	0
ASV2383	0	0	12	0	0
ASV2384	0	0	12	0	0
ASV2385	0	0	12	0	0
ASV2386	0	0	0	12	0
ASV2387	0	0	0	12	0
ASV2388	0	0	0	12	0
ASV2389	0	0	0	12	0
ASV2390	0	0	0	12	0
ASV2391	0	0	0	12	0
ASV2392	0	0	0	12	0
ASV2393	0	0	0	12	0
ASV2394	0	0	0	12	0
ASV2395	0	0	0	12	0
ASV2396	0	0	0	0	12
ASV2397	0	0	0	0	12
ASV2398	0	0	0	0	12
ASV2399	0	0	0	0	12
ASV2400	0	0	0	0	12
ASV2401	0	0	0	0	12
ASV2402	0	0	0	0	12
ASV2403	0	0	0	0	12
ASV2404	0	0	0	0	12
ASV2405	0	0	0	0	12
ASV2406	0	0	0	0	12
ASV2407	0	0	0	0	12
ASV2408	0	0	0	0	12
ASV2409	0	0	0	0	12
ASV2410	0	0	0	0	12
ASV2411	0	0	0	0	12
ASV2412	0	0	0	0	12
ASV2413	0	0	0	0	12
ASV2414	0	0	0	0	12
ASV2415	0	0	0	0	12
ASV2416	0	0	0	0	12
ASV2417	0	0	0	0	12
ASV2418	0	0	0	0	12
ASV2419	0	0	0	0	12
ASV2420	0	0	0	0	12
ASV2421	0	0	0	0	12
ASV2422	0	0	0	0	12
ASV2423	0	0	0	0	12
ASV2424	0	0	0	0	12
ASV2425	0	0	0	0	12
ASV2426	0	0	0	0	12
ASV2427	0	0	0	0	12
ASV2428	0	0	0	0	12
ASV2429	0	0	0	0	12
ASV2430	0	0	0	0	12
ASV2431	0	0	0	0	12
ASV2432	0	0	0	0	12
ASV2433	11	0	0	0	0
ASV2434	11	0	0	0	0
ASV2435	11	0	0	0	0
ASV2436	11	0	0	0	0
ASV2437	11	0	0	0	0
ASV2438	11	0	0	0	0
ASV2439	11	0	0	0	0
ASV2440	11	0	0	0	0
ASV2441	11	0	0	0	0
ASV2442	11	0	0	0	0
ASV2443	11	0	0	0	0
ASV2444	11	0	0	0	0
ASV2445	11	0	0	0	0
ASV2446	11	0	0	0	0
ASV2447	11	0	0	0	0
ASV2448	11	0	0	0	0
ASV2449	11	0	0	0	0
ASV2450	11	0	0	0	0
ASV2451	11	0	0	0	0
ASV2452	11	0	0	0	0
ASV2453	11	0	0	0	0
ASV2454	11	0	0	0	0
ASV2455	11	0	0	0	0
ASV2456	11	0	0	0	0
ASV2457	0	11	0	0	0
ASV2458	0	11	0	0	0
ASV2459	0	11	0	0	0
ASV2460	0	11	0	0	0
ASV2461	0	11	0	0	0
ASV2462	0	11	0	0	0
ASV2463	0	11	0	0	0
ASV2464	0	11	0	0	0
ASV2465	0	11	0	0	0
ASV2466	0	11	0	0	0
ASV2467	0	11	0	0	0
ASV2468	0	11	0	0	0
ASV2469	0	11	0	0	0
ASV2470	0	11	0	0	0
ASV2471	0	11	0	0	0
ASV2472	0	11	0	0	0
ASV2473	0	11	0	0	0
ASV2474	0	11	0	0	0
ASV2475	0	11	0	0	0
ASV2476	0	11	0	0	0
ASV2477	0	11	0	0	0
ASV2478	0	11	0	0	0
ASV2479	0	0	11	0	0
ASV2480	0	0	11	0	0
ASV2481	0	0	11	0	0
ASV2482	0	0	11	0	0
ASV2483	0	0	11	0	0
ASV2484	0	0	11	0	0
ASV2485	0	0	11	0	0
ASV2486	0	0	11	0	0
ASV2487	0	0	11	0	0
ASV2488	0	0	11	0	0
ASV2489	0	0	11	0	0
ASV2490	0	0	11	0	0
ASV2491	0	0	11	0	0
ASV2492	0	0	11	0	0
ASV2493	0	0	11	0	0
ASV2494	0	0	11	0	0
ASV2495	0	0	11	0	0
ASV2496	0	0	11	0	0
ASV2497	0	0	11	0	0
ASV2498	0	0	11	0	0
ASV2499	0	0	0	11	0
ASV2500	0	0	0	11	0
ASV2501	0	0	0	11	0
ASV2502	0	0	0	11	0
ASV2503	0	0	0	11	0
ASV2504	0	0	0	11	0
ASV2505	0	0	0	11	0
ASV2506	0	0	0	11	0
ASV2507	0	0	0	11	0
ASV2508	0	0	0	11	0
ASV2509	0	0	0	0	11
ASV2510	0	0	0	0	11
ASV2511	0	0	0	0	11
ASV2512	0	0	0	0	11
ASV2513	0	0	0	0	11
ASV2514	0	0	0	0	11
ASV2515	0	0	0	0	11
ASV2516	0	0	0	0	11
ASV2517	0	0	0	0	11
ASV2518	0	0	0	0	11
ASV2519	0	0	0	0	11
ASV2520	0	0	0	0	11
ASV2521	0	0	0	0	11
ASV2522	0	0	0	0	11
ASV2523	0	0	0	0	11
ASV2524	0	0	0	0	11
ASV2525	0	0	0	0	11
ASV2526	0	0	0	0	11
ASV2527	0	0	0	0	11
ASV2528	0	0	0	0	11
ASV2529	0	0	0	0	11
ASV2530	0	0	0	0	11
ASV2531	0	0	0	0	11
ASV2532	0	0	0	0	11
ASV2533	0	0	0	0	11
ASV2534	0	0	0	0	11
ASV2535	0	0	0	0	11
ASV2536	0	0	0	0	11
ASV2537	0	0	0	0	11
ASV2538	10	0	0	0	0
ASV2539	10	0	0	0	0
ASV2540	10	0	0	0	0
ASV2541	10	0	0	0	0
ASV2542	10	0	0	0	0
ASV2543	10	0	0	0	0
ASV2544	10	0	0	0	0
ASV2545	10	0	0	0	0
ASV2546	10	0	0	0	0
ASV2547	10	0	0	0	0
ASV2548	10	0	0	0	0
ASV2549	10	0	0	0	0
ASV2550	10	0	0	0	0
ASV2551	10	0	0	0	0
ASV2552	10	0	0	0	0
ASV2553	10	0	0	0	0
ASV2554	10	0	0	0	0
ASV2555	10	0	0	0	0
ASV2556	10	0	0	0	0
ASV2557	10	0	0	0	0
ASV2558	10	0	0	0	0
ASV2559	10	0	0	0	0
ASV2560	10	0	0	0	0
ASV2561	10	0	0	0	0
ASV2562	10	0	0	0	0
ASV2563	10	0	0	0	0
ASV2564	10	0	0	0	0
ASV2565	10	0	0	0	0
ASV2566	10	0	0	0	0
ASV2567	6	0	4	0	0
ASV2568	0	10	0	0	0
ASV2569	0	10	0	0	0
ASV2570	0	10	0	0	0
ASV2571	0	10	0	0	0
ASV2572	0	10	0	0	0
ASV2573	0	10	0	0	0
ASV2574	0	10	0	0	0
ASV2575	0	10	0	0	0
ASV2576	0	10	0	0	0
ASV2577	0	10	0	0	0
ASV2578	0	10	0	0	0
ASV2579	0	10	0	0	0
ASV2580	0	10	0	0	0
ASV2581	0	10	0	0	0
ASV2582	0	10	0	0	0
ASV2583	0	10	0	0	0
ASV2584	0	10	0	0	0
ASV2585	0	10	0	0	0
ASV2586	0	10	0	0	0
ASV2587	0	10	0	0	0
ASV2588	0	10	0	0	0
ASV2589	0	10	0	0	0
ASV2590	0	10	0	0	0
ASV2591	0	10	0	0	0
ASV2592	0	10	0	0	0
ASV2593	0	10	0	0	0
ASV2594	0	10	0	0	0
ASV2595	0	10	0	0	0
ASV2596	0	10	0	0	0
ASV2597	0	10	0	0	0
ASV2598	0	10	0	0	0
ASV2599	0	10	0	0	0
ASV2600	0	0	10	0	0
ASV2601	0	0	10	0	0
ASV2602	0	0	10	0	0
ASV2603	0	0	10	0	0
ASV2604	0	0	10	0	0
ASV2605	0	0	10	0	0
ASV2606	0	0	10	0	0
ASV2607	0	0	10	0	0
ASV2608	0	0	10	0	0
ASV2609	0	0	10	0	0
ASV2610	0	0	10	0	0
ASV2611	0	0	10	0	0
ASV2612	0	0	10	0	0
ASV2613	0	0	10	0	0
ASV2614	0	0	10	0	0
ASV2615	0	0	10	0	0
ASV2616	0	0	10	0	0
ASV2617	0	0	10	0	0
ASV2618	0	0	10	0	0
ASV2619	0	0	10	0	0
ASV2620	0	0	10	0	0
ASV2621	0	0	10	0	0
ASV2622	0	0	10	0	0
ASV2623	0	0	10	0	0
ASV2624	0	0	7	3	0
ASV2625	0	0	0	10	0
ASV2626	0	0	0	10	0
ASV2627	0	0	0	10	0
ASV2628	0	0	0	10	0
ASV2629	0	0	0	10	0
ASV2630	0	0	0	10	0
ASV2631	0	0	0	10	0
ASV2632	0	0	0	10	0
ASV2633	0	0	0	10	0
ASV2634	0	0	0	10	0
ASV2635	0	0	0	10	0
ASV2636	0	0	0	10	0
ASV2637	0	0	0	10	0
ASV2638	0	0	0	0	10
ASV2639	0	0	0	0	10
ASV2640	0	0	0	0	10
ASV2641	0	0	0	0	10
ASV2642	0	0	0	0	10
ASV2643	0	0	0	0	10
ASV2644	0	0	0	0	10
ASV2645	0	0	0	0	10
ASV2646	0	0	0	0	10
ASV2647	0	0	0	0	10
ASV2648	0	0	0	0	10
ASV2649	0	0	0	0	10
ASV2650	0	0	0	0	10
ASV2651	0	0	0	0	10
ASV2652	0	0	0	0	10
ASV2653	0	0	0	0	10
ASV2654	0	0	0	0	10
ASV2655	0	0	0	0	10
ASV2656	0	0	0	0	10
ASV2657	0	0	0	0	10
ASV2658	0	0	0	0	10
ASV2659	0	0	0	0	10
ASV2660	0	0	0	0	10
ASV2661	0	0	0	0	10
ASV2662	0	0	0	0	10
ASV2663	0	0	0	0	10
ASV2664	0	0	0	0	10
ASV2665	0	0	0	0	10
ASV2666	0	0	0	0	10
ASV2667	0	0	0	0	10
ASV2668	0	0	0	0	10
ASV2669	0	0	0	0	10
ASV2670	0	0	0	0	10
ASV2671	0	0	0	0	10
ASV2672	0	0	0	0	10
ASV2673	9	0	0	0	0
ASV2674	9	0	0	0	0
ASV2675	9	0	0	0	0
ASV2676	9	0	0	0	0
ASV2677	9	0	0	0	0
ASV2678	9	0	0	0	0
ASV2679	9	0	0	0	0
ASV2680	9	0	0	0	0
ASV2681	9	0	0	0	0
ASV2682	9	0	0	0	0
ASV2683	9	0	0	0	0
ASV2684	9	0	0	0	0
ASV2685	9	0	0	0	0
ASV2686	9	0	0	0	0
ASV2687	9	0	0	0	0
ASV2688	9	0	0	0	0
ASV2689	9	0	0	0	0
ASV2690	9	0	0	0	0
ASV2691	9	0	0	0	0
ASV2692	9	0	0	0	0
ASV2693	9	0	0	0	0
ASV2694	9	0	0	0	0
ASV2695	9	0	0	0	0
ASV2696	0	9	0	0	0
ASV2697	0	9	0	0	0
ASV2698	0	9	0	0	0
ASV2699	0	9	0	0	0
ASV2700	0	9	0	0	0
ASV2701	0	9	0	0	0
ASV2702	0	9	0	0	0
ASV2703	0	9	0	0	0
ASV2704	0	9	0	0	0
ASV2705	0	9	0	0	0
ASV2706	0	9	0	0	0
ASV2707	0	9	0	0	0
ASV2708	0	9	0	0	0
ASV2709	0	9	0	0	0
ASV2710	0	9	0	0	0
ASV2711	0	9	0	0	0
ASV2712	0	9	0	0	0
ASV2713	0	9	0	0	0
ASV2714	0	9	0	0	0
ASV2715	0	9	0	0	0
ASV2716	0	9	0	0	0
ASV2717	0	9	0	0	0
ASV2718	0	9	0	0	0
ASV2719	0	9	0	0	0
ASV2720	0	9	0	0	0
ASV2721	0	4	0	5	0
ASV2722	0	0	9	0	0
ASV2723	0	0	9	0	0
ASV2724	0	0	9	0	0
ASV2725	0	0	9	0	0
ASV2726	0	0	9	0	0
ASV2727	0	0	9	0	0
ASV2728	0	0	9	0	0
ASV2729	0	0	9	0	0
ASV2730	0	0	9	0	0
ASV2731	0	0	9	0	0
ASV2732	0	0	9	0	0
ASV2733	0	0	9	0	0
ASV2734	0	0	9	0	0
ASV2735	0	0	9	0	0
ASV2736	0	0	9	0	0
ASV2737	0	0	9	0	0
ASV2738	0	0	9	0	0
ASV2739	0	0	9	0	0
ASV2740	0	0	9	0	0
ASV2741	0	0	9	0	0
ASV2742	0	0	9	0	0
ASV2743	0	0	9	0	0
ASV2744	0	0	9	0	0
ASV2745	0	0	9	0	0
ASV2746	0	0	9	0	0
ASV2747	0	0	9	0	0
ASV2748	0	0	9	0	0
ASV2749	0	0	9	0	0
ASV2750	0	0	9	0	0
ASV2751	0	0	9	0	0
ASV2752	0	0	9	0	0
ASV2753	0	0	9	0	0
ASV2754	0	0	9	0	0
ASV2755	0	0	9	0	0
ASV2756	0	0	9	0	0
ASV2757	0	0	7	0	2
ASV2758	0	0	4	5	0
ASV2759	0	0	0	9	0
ASV2760	0	0	0	9	0
ASV2761	0	0	0	9	0
ASV2762	0	0	0	9	0
ASV2763	0	0	0	9	0
ASV2764	0	0	0	9	0
ASV2765	0	0	0	9	0
ASV2766	0	0	0	9	0
ASV2767	0	0	0	9	0
ASV2768	0	0	0	9	0
ASV2769	0	0	0	9	0
ASV2770	0	0	0	0	9
ASV2771	0	0	0	0	9
ASV2772	0	0	0	0	9
ASV2773	0	0	0	0	9
ASV2774	0	0	0	0	9
ASV2775	0	0	0	0	9
ASV2776	0	0	0	0	9
ASV2777	0	0	0	0	9
ASV2778	0	0	0	0	9
ASV2779	0	0	0	0	9
ASV2780	0	0	0	0	9
ASV2781	0	0	0	0	9
ASV2782	0	0	0	0	9
ASV2783	0	0	0	0	9
ASV2784	0	0	0	0	9
ASV2785	0	0	0	0	9
ASV2786	0	0	0	0	9
ASV2787	0	0	0	0	9
ASV2788	0	0	0	0	9
ASV2789	0	0	0	0	9
ASV2790	0	0	0	0	9
ASV2791	0	0	0	0	9
ASV2792	0	0	0	0	9
ASV2793	0	0	0	0	9
ASV2794	0	0	0	0	9
ASV2795	8	0	0	0	0
ASV2796	8	0	0	0	0
ASV2797	8	0	0	0	0
ASV2798	8	0	0	0	0
ASV2799	8	0	0	0	0
ASV2800	8	0	0	0	0
ASV2801	8	0	0	0	0
ASV2802	8	0	0	0	0
ASV2803	8	0	0	0	0
ASV2804	8	0	0	0	0
ASV2805	8	0	0	0	0
ASV2806	8	0	0	0	0
ASV2807	8	0	0	0	0
ASV2808	8	0	0	0	0
ASV2809	8	0	0	0	0
ASV2810	8	0	0	0	0
ASV2811	8	0	0	0	0
ASV2812	8	0	0	0	0
ASV2813	8	0	0	0	0
ASV2814	8	0	0	0	0
ASV2815	8	0	0	0	0
ASV2816	8	0	0	0	0
ASV2817	8	0	0	0	0
ASV2818	0	8	0	0	0
ASV2819	0	8	0	0	0
ASV2820	0	8	0	0	0
ASV2821	0	8	0	0	0
ASV2822	0	8	0	0	0
ASV2823	0	8	0	0	0
ASV2824	0	8	0	0	0
ASV2825	0	8	0	0	0
ASV2826	0	8	0	0	0
ASV2827	0	8	0	0	0
ASV2828	0	8	0	0	0
ASV2829	0	8	0	0	0
ASV2830	0	8	0	0	0
ASV2831	0	8	0	0	0
ASV2832	0	8	0	0	0
ASV2833	0	8	0	0	0
ASV2834	0	8	0	0	0
ASV2835	0	8	0	0	0
ASV2836	0	8	0	0	0
ASV2837	0	8	0	0	0
ASV2838	0	8	0	0	0
ASV2839	0	8	0	0	0
ASV2840	0	8	0	0	0
ASV2841	0	8	0	0	0
ASV2842	0	8	0	0	0
ASV2843	0	8	0	0	0
ASV2844	0	8	0	0	0
ASV2845	0	8	0	0	0
ASV2846	0	8	0	0	0
ASV2847	0	8	0	0	0
ASV2848	0	8	0	0	0
ASV2849	0	8	0	0	0
ASV2850	0	8	0	0	0
ASV2851	0	8	0	0	0
ASV2852	0	8	0	0	0
ASV2853	0	8	0	0	0
ASV2854	0	8	0	0	0
ASV2855	0	8	0	0	0
ASV2856	0	0	8	0	0
ASV2857	0	0	8	0	0
ASV2858	0	0	8	0	0
ASV2859	0	0	8	0	0
ASV2860	0	0	8	0	0
ASV2861	0	0	8	0	0
ASV2862	0	0	8	0	0
ASV2863	0	0	8	0	0
ASV2864	0	0	8	0	0
ASV2865	0	0	8	0	0
ASV2866	0	0	8	0	0
ASV2867	0	0	8	0	0
ASV2868	0	0	8	0	0
ASV2869	0	0	8	0	0
ASV2870	0	0	8	0	0
ASV2871	0	0	8	0	0
ASV2872	0	0	8	0	0
ASV2873	0	0	8	0	0
ASV2874	0	0	8	0	0
ASV2875	0	0	8	0	0
ASV2876	0	0	8	0	0
ASV2877	0	0	8	0	0
ASV2878	0	0	8	0	0
ASV2879	0	0	8	0	0
ASV2880	0	0	8	0	0
ASV2881	0	0	8	0	0
ASV2882	0	0	8	0	0
ASV2883	0	0	8	0	0
ASV2884	0	0	8	0	0
ASV2885	0	0	8	0	0
ASV2886	0	0	8	0	0
ASV2887	0	0	8	0	0
ASV2888	0	0	8	0	0
ASV2889	0	0	8	0	0
ASV2890	0	0	8	0	0
ASV2891	0	0	8	0	0
ASV2892	0	0	0	8	0
ASV2893	0	0	0	8	0
ASV2894	0	0	0	8	0
ASV2895	0	0	0	8	0
ASV2896	0	0	0	8	0
ASV2897	0	0	0	8	0
ASV2898	0	0	0	8	0
ASV2899	0	0	0	8	0
ASV2900	0	0	0	8	0
ASV2901	0	0	0	8	0
ASV2902	0	0	0	8	0
ASV2903	0	0	0	8	0
ASV2904	0	0	0	8	0
ASV2905	0	0	0	8	0
ASV2906	0	0	0	8	0
ASV2907	0	0	0	8	0
ASV2908	0	0	0	8	0
ASV2909	0	0	0	8	0
ASV2910	0	0	0	0	8
ASV2911	0	0	0	0	8
ASV2912	0	0	0	0	8
ASV2913	0	0	0	0	8
ASV2914	0	0	0	0	8
ASV2915	0	0	0	0	8
ASV2916	0	0	0	0	8
ASV2917	0	0	0	0	8
ASV2918	0	0	0	0	8
ASV2919	0	0	0	0	8
ASV2920	0	0	0	0	8
ASV2921	0	0	0	0	8
ASV2922	0	0	0	0	8
ASV2923	0	0	0	0	8
ASV2924	0	0	0	0	8
ASV2925	0	0	0	0	8
ASV2926	0	0	0	0	8
ASV2927	0	0	0	0	8
ASV2928	0	0	0	0	8
ASV2929	0	0	0	0	8
ASV2930	0	0	0	0	8
ASV2931	0	0	0	0	8
ASV2932	0	0	0	0	8
ASV2933	0	0	0	0	8
ASV2934	0	0	0	0	8
ASV2935	0	0	0	0	8
ASV2936	0	0	0	0	8
ASV2937	0	0	0	0	8
ASV2938	0	0	0	0	8
ASV2939	0	0	0	0	8
ASV2940	0	0	0	0	8
ASV2941	0	0	0	0	8
ASV2942	0	0	0	0	8
ASV2943	0	0	0	0	8
ASV2944	0	0	0	0	8
ASV2945	0	0	0	0	8
ASV2946	0	0	0	0	8
ASV2947	0	0	0	0	8
ASV2948	0	0	0	0	8
ASV2949	0	0	0	0	8
ASV2950	7	0	0	0	0
ASV2951	7	0	0	0	0
ASV2952	7	0	0	0	0
ASV2953	7	0	0	0	0
ASV2954	7	0	0	0	0
ASV2955	7	0	0	0	0
ASV2956	7	0	0	0	0
ASV2957	7	0	0	0	0
ASV2958	7	0	0	0	0
ASV2959	7	0	0	0	0
ASV2960	7	0	0	0	0
ASV2961	7	0	0	0	0
ASV2962	7	0	0	0	0
ASV2963	7	0	0	0	0
ASV2964	7	0	0	0	0
ASV2965	7	0	0	0	0
ASV2966	7	0	0	0	0
ASV2967	7	0	0	0	0
ASV2968	7	0	0	0	0
ASV2969	7	0	0	0	0
ASV2970	7	0	0	0	0
ASV2971	7	0	0	0	0
ASV2972	7	0	0	0	0
ASV2973	4	0	3	0	0
ASV2974	0	7	0	0	0
ASV2975	0	7	0	0	0
ASV2976	0	7	0	0	0
ASV2977	0	7	0	0	0
ASV2978	0	7	0	0	0
ASV2979	0	7	0	0	0
ASV2980	0	7	0	0	0
ASV2981	0	7	0	0	0
ASV2982	0	7	0	0	0
ASV2983	0	7	0	0	0
ASV2984	0	7	0	0	0
ASV2985	0	7	0	0	0
ASV2986	0	7	0	0	0
ASV2987	0	7	0	0	0
ASV2988	0	7	0	0	0
ASV2989	0	7	0	0	0
ASV2990	0	7	0	0	0
ASV2991	0	7	0	0	0
ASV2992	0	7	0	0	0
ASV2993	0	7	0	0	0
ASV2994	0	7	0	0	0
ASV2995	0	7	0	0	0
ASV2996	0	7	0	0	0
ASV2997	0	7	0	0	0
ASV2998	0	7	0	0	0
ASV2999	0	7	0	0	0
ASV3000	0	7	0	0	0
ASV3001	0	7	0	0	0
ASV3002	0	7	0	0	0
ASV3003	0	7	0	0	0
ASV3004	0	7	0	0	0
ASV3005	0	0	7	0	0
ASV3006	0	0	7	0	0
ASV3007	0	0	7	0	0
ASV3008	0	0	7	0	0
ASV3009	0	0	7	0	0
ASV3010	0	0	7	0	0
ASV3011	0	0	7	0	0
ASV3012	0	0	7	0	0
ASV3013	0	0	7	0	0
ASV3014	0	0	7	0	0
ASV3015	0	0	7	0	0
ASV3016	0	0	7	0	0
ASV3017	0	0	7	0	0
ASV3018	0	0	7	0	0
ASV3019	0	0	7	0	0
ASV3020	0	0	7	0	0
ASV3021	0	0	7	0	0
ASV3022	0	0	7	0	0
ASV3023	0	0	7	0	0
ASV3024	0	0	7	0	0
ASV3025	0	0	7	0	0
ASV3026	0	0	7	0	0
ASV3027	0	0	7	0	0
ASV3028	0	0	7	0	0
ASV3029	0	0	7	0	0
ASV3030	0	0	7	0	0
ASV3031	0	0	7	0	0
ASV3032	0	0	7	0	0
ASV3033	0	0	7	0	0
ASV3034	0	0	7	0	0
ASV3035	0	0	7	0	0
ASV3036	0	0	7	0	0
ASV3037	0	0	0	7	0
ASV3038	0	0	0	7	0
ASV3039	0	0	0	7	0
ASV3040	0	0	0	7	0
ASV3041	0	0	0	7	0
ASV3042	0	0	0	7	0
ASV3043	0	0	0	7	0
ASV3044	0	0	0	7	0
ASV3045	0	0	0	7	0
ASV3046	0	0	0	7	0
ASV3047	0	0	0	7	0
ASV3048	0	0	0	7	0
ASV3049	0	0	0	7	0
ASV3050	0	0	0	7	0
ASV3051	0	0	0	7	0
ASV3052	0	0	0	7	0
ASV3053	0	0	0	7	0
ASV3054	0	0	0	7	0
ASV3055	0	0	0	7	0
ASV3056	0	0	0	7	0
ASV3057	0	0	0	7	0
ASV3058	0	0	0	0	7
ASV3059	0	0	0	0	7
ASV3060	0	0	0	0	7
ASV3061	0	0	0	0	7
ASV3062	0	0	0	0	7
ASV3063	0	0	0	0	7
ASV3064	0	0	0	0	7
ASV3065	0	0	0	0	7
ASV3066	0	0	0	0	7
ASV3067	0	0	0	0	7
ASV3068	0	0	0	0	7
ASV3069	0	0	0	0	7
ASV3070	0	0	0	0	7
ASV3071	0	0	0	0	7
ASV3072	0	0	0	0	7
ASV3073	0	0	0	0	7
ASV3074	0	0	0	0	7
ASV3075	0	0	0	0	7
ASV3076	0	0	0	0	7
ASV3077	0	0	0	0	7
ASV3078	0	0	0	0	7
ASV3079	0	0	0	0	7
ASV3080	0	0	0	0	7
ASV3081	0	0	0	0	7
ASV3082	0	0	0	0	7
ASV3083	0	0	0	0	7
ASV3084	0	0	0	0	7
ASV3085	0	0	0	0	7
ASV3086	0	0	0	0	7
ASV3087	0	0	0	0	7
ASV3088	0	0	0	0	7
ASV3089	0	0	0	0	7
ASV3090	0	0	0	0	7
ASV3091	0	0	0	0	7
ASV3092	0	0	0	0	7
ASV3093	6	0	0	0	0
ASV3094	6	0	0	0	0
ASV3095	6	0	0	0	0
ASV3096	6	0	0	0	0
ASV3097	6	0	0	0	0
ASV3098	6	0	0	0	0
ASV3099	6	0	0	0	0
ASV3100	6	0	0	0	0
ASV3101	6	0	0	0	0
ASV3102	6	0	0	0	0
ASV3103	6	0	0	0	0
ASV3104	6	0	0	0	0
ASV3105	6	0	0	0	0
ASV3106	6	0	0	0	0
ASV3107	6	0	0	0	0
ASV3108	6	0	0	0	0
ASV3109	6	0	0	0	0
ASV3110	6	0	0	0	0
ASV3111	6	0	0	0	0
ASV3112	6	0	0	0	0
ASV3113	6	0	0	0	0
ASV3114	6	0	0	0	0
ASV3115	6	0	0	0	0
ASV3116	6	0	0	0	0
ASV3117	6	0	0	0	0
ASV3118	0	6	0	0	0
ASV3119	0	6	0	0	0
ASV3120	0	6	0	0	0
ASV3121	0	6	0	0	0
ASV3122	0	6	0	0	0
ASV3123	0	6	0	0	0
ASV3124	0	6	0	0	0
ASV3125	0	6	0	0	0
ASV3126	0	6	0	0	0
ASV3127	0	6	0	0	0
ASV3128	0	6	0	0	0
ASV3129	0	6	0	0	0
ASV3130	0	6	0	0	0
ASV3131	0	6	0	0	0
ASV3132	0	6	0	0	0
ASV3133	0	6	0	0	0
ASV3134	0	6	0	0	0
ASV3135	0	6	0	0	0
ASV3136	0	6	0	0	0
ASV3137	0	6	0	0	0
ASV3138	0	6	0	0	0
ASV3139	0	6	0	0	0
ASV3140	0	6	0	0	0
ASV3141	0	6	0	0	0
ASV3142	0	6	0	0	0
ASV3143	0	6	0	0	0
ASV3144	0	0	6	0	0
ASV3145	0	0	6	0	0
ASV3146	0	0	6	0	0
ASV3147	0	0	6	0	0
ASV3148	0	0	6	0	0
ASV3149	0	0	6	0	0
ASV3150	0	0	6	0	0
ASV3151	0	0	6	0	0
ASV3152	0	0	6	0	0
ASV3153	0	0	6	0	0
ASV3154	0	0	6	0	0
ASV3155	0	0	6	0	0
ASV3156	0	0	6	0	0
ASV3157	0	0	6	0	0
ASV3158	0	0	6	0	0
ASV3159	0	0	6	0	0
ASV3160	0	0	6	0	0
ASV3161	0	0	6	0	0
ASV3162	0	0	6	0	0
ASV3163	0	0	6	0	0
ASV3164	0	0	6	0	0
ASV3165	0	0	6	0	0
ASV3166	0	0	6	0	0
ASV3167	0	0	6	0	0
ASV3168	0	0	6	0	0
ASV3169	0	0	6	0	0
ASV3170	0	0	6	0	0
ASV3171	0	0	6	0	0
ASV3172	0	0	6	0	0
ASV3173	0	0	6	0	0
ASV3174	0	0	6	0	0
ASV3175	0	0	6	0	0
ASV3176	0	0	6	0	0
ASV3177	0	0	6	0	0
ASV3178	0	0	6	0	0
ASV3179	0	0	6	0	0
ASV3180	0	0	1	5	0
ASV3181	0	0	0	6	0
ASV3182	0	0	0	6	0
ASV3183	0	0	0	6	0
ASV3184	0	0	0	6	0
ASV3185	0	0	0	6	0
ASV3186	0	0	0	6	0
ASV3187	0	0	0	6	0
ASV3188	0	0	0	6	0
ASV3189	0	0	0	6	0
ASV3190	0	0	0	6	0
ASV3191	0	0	0	6	0
ASV3192	0	0	0	6	0
ASV3193	0	0	0	6	0
ASV3194	0	0	0	6	0
ASV3195	0	0	0	6	0
ASV3196	0	0	0	6	0
ASV3197	0	0	0	6	0
ASV3198	0	0	0	0	6
ASV3199	0	0	0	0	6
ASV3200	0	0	0	0	6
ASV3201	0	0	0	0	6
ASV3202	0	0	0	0	6
ASV3203	0	0	0	0	6
ASV3204	0	0	0	0	6
ASV3205	0	0	0	0	6
ASV3206	0	0	0	0	6
ASV3207	0	0	0	0	6
ASV3208	0	0	0	0	6
ASV3209	0	0	0	0	6
ASV3210	0	0	0	0	6
ASV3211	0	0	0	0	6
ASV3212	0	0	0	0	6
ASV3213	0	0	0	0	6
ASV3214	0	0	0	0	6
ASV3215	0	0	0	0	6
ASV3216	0	0	0	0	6
ASV3217	0	0	0	0	6
ASV3218	0	0	0	0	6
ASV3219	0	0	0	0	6
ASV3220	0	0	0	0	6
ASV3221	0	0	0	0	6
ASV3222	0	0	0	0	6
ASV3223	0	0	0	0	6
ASV3224	0	0	0	0	6
ASV3225	0	0	0	0	6
ASV3226	0	0	0	0	6
ASV3227	0	0	0	0	6
ASV3228	0	0	0	0	6
ASV3229	5	0	0	0	0
ASV3230	5	0	0	0	0
ASV3231	5	0	0	0	0
ASV3232	5	0	0	0	0
ASV3233	5	0	0	0	0
ASV3234	5	0	0	0	0
ASV3235	5	0	0	0	0
ASV3236	5	0	0	0	0
ASV3237	5	0	0	0	0
ASV3238	5	0	0	0	0
ASV3239	5	0	0	0	0
ASV3240	5	0	0	0	0
ASV3241	5	0	0	0	0
ASV3242	5	0	0	0	0
ASV3243	5	0	0	0	0
ASV3244	5	0	0	0	0
ASV3245	5	0	0	0	0
ASV3246	5	0	0	0	0
ASV3247	5	0	0	0	0
ASV3248	5	0	0	0	0
ASV3249	5	0	0	0	0
ASV3250	5	0	0	0	0
ASV3251	5	0	0	0	0
ASV3252	5	0	0	0	0
ASV3253	0	5	0	0	0
ASV3254	0	5	0	0	0
ASV3255	0	5	0	0	0
ASV3256	0	5	0	0	0
ASV3257	0	5	0	0	0
ASV3258	0	5	0	0	0
ASV3259	0	5	0	0	0
ASV3260	0	5	0	0	0
ASV3261	0	5	0	0	0
ASV3262	0	5	0	0	0
ASV3263	0	5	0	0	0
ASV3264	0	5	0	0	0
ASV3265	0	5	0	0	0
ASV3266	0	5	0	0	0
ASV3267	0	5	0	0	0
ASV3268	0	5	0	0	0
ASV3269	0	5	0	0	0
ASV3270	0	5	0	0	0
ASV3271	0	5	0	0	0
ASV3272	0	5	0	0	0
ASV3273	0	5	0	0	0
ASV3274	0	5	0	0	0
ASV3275	0	5	0	0	0
ASV3276	0	5	0	0	0
ASV3277	0	5	0	0	0
ASV3278	0	5	0	0	0
ASV3279	0	5	0	0	0
ASV3280	0	5	0	0	0
ASV3281	0	5	0	0	0
ASV3282	0	5	0	0	0
ASV3283	0	5	0	0	0
ASV3284	0	5	0	0	0
ASV3285	0	5	0	0	0
ASV3286	0	0	5	0	0
ASV3287	0	0	5	0	0
ASV3288	0	0	5	0	0
ASV3289	0	0	5	0	0
ASV3290	0	0	5	0	0
ASV3291	0	0	5	0	0
ASV3292	0	0	5	0	0
ASV3293	0	0	5	0	0
ASV3294	0	0	5	0	0
ASV3295	0	0	5	0	0
ASV3296	0	0	5	0	0
ASV3297	0	0	5	0	0
ASV3298	0	0	5	0	0
ASV3299	0	0	5	0	0
ASV3300	0	0	5	0	0
ASV3301	0	0	5	0	0
ASV3302	0	0	5	0	0
ASV3303	0	0	5	0	0
ASV3304	0	0	5	0	0
ASV3305	0	0	5	0	0
ASV3306	0	0	5	0	0
ASV3307	0	0	5	0	0
ASV3308	0	0	5	0	0
ASV3309	0	0	5	0	0
ASV3310	0	0	5	0	0
ASV3311	0	0	5	0	0
ASV3312	0	0	5	0	0
ASV3313	0	0	5	0	0
ASV3314	0	0	5	0	0
ASV3315	0	0	5	0	0
ASV3316	0	0	5	0	0
ASV3317	0	0	5	0	0
ASV3318	0	0	5	0	0
ASV3319	0	0	5	0	0
ASV3320	0	0	5	0	0
ASV3321	0	0	5	0	0
ASV3322	0	0	5	0	0
ASV3323	0	0	0	5	0
ASV3324	0	0	0	5	0
ASV3325	0	0	0	5	0
ASV3326	0	0	0	5	0
ASV3327	0	0	0	5	0
ASV3328	0	0	0	5	0
ASV3329	0	0	0	5	0
ASV3330	0	0	0	5	0
ASV3331	0	0	0	5	0
ASV3332	0	0	0	5	0
ASV3333	0	0	0	5	0
ASV3334	0	0	0	5	0
ASV3335	0	0	0	5	0
ASV3336	0	0	0	5	0
ASV3337	0	0	0	5	0
ASV3338	0	0	0	5	0
ASV3339	0	0	0	5	0
ASV3340	0	0	0	5	0
ASV3341	0	0	0	5	0
ASV3342	0	0	0	5	0
ASV3343	0	0	0	0	5
ASV3344	0	0	0	0	5
ASV3345	0	0	0	0	5
ASV3346	0	0	0	0	5
ASV3347	0	0	0	0	5
ASV3348	0	0	0	0	5
ASV3349	0	0	0	0	5
ASV3350	0	0	0	0	5
ASV3351	0	0	0	0	5
ASV3352	0	0	0	0	5
ASV3353	0	0	0	0	5
ASV3354	0	0	0	0	5
ASV3355	0	0	0	0	5
ASV3356	0	0	0	0	5
ASV3357	0	0	0	0	5
ASV3358	0	0	0	0	5
ASV3359	0	0	0	0	5
ASV3360	0	0	0	0	5
ASV3361	0	0	0	0	5
ASV3362	0	0	0	0	5
ASV3363	0	0	0	0	5
ASV3364	0	0	0	0	5
ASV3365	0	0	0	0	5
ASV3366	0	0	0	0	5
ASV3367	0	0	0	0	5
ASV3368	0	0	0	0	5
ASV3369	0	0	0	0	5
ASV3370	0	0	0	0	5
ASV3371	0	0	0	0	5
ASV3372	0	0	0	0	5
ASV3373	0	0	0	0	5
ASV3374	0	0	0	0	5
ASV3375	0	0	0	0	5
ASV3376	0	0	0	0	5
ASV3377	0	0	0	0	5
ASV3378	4	0	0	0	0
ASV3379	4	0	0	0	0
ASV3380	4	0	0	0	0
ASV3381	4	0	0	0	0
ASV3382	4	0	0	0	0
ASV3383	4	0	0	0	0
ASV3384	4	0	0	0	0
ASV3385	4	0	0	0	0
ASV3386	4	0	0	0	0
ASV3387	4	0	0	0	0
ASV3388	4	0	0	0	0
ASV3389	4	0	0	0	0
ASV3390	4	0	0	0	0
ASV3391	4	0	0	0	0
ASV3392	4	0	0	0	0
ASV3393	4	0	0	0	0
ASV3394	4	0	0	0	0
ASV3395	4	0	0	0	0
ASV3396	4	0	0	0	0
ASV3397	4	0	0	0	0
ASV3398	4	0	0	0	0
ASV3399	4	0	0	0	0
ASV3400	4	0	0	0	0
ASV3401	4	0	0	0	0
ASV3402	0	4	0	0	0
ASV3403	0	4	0	0	0
ASV3404	0	4	0	0	0
ASV3405	0	4	0	0	0
ASV3406	0	4	0	0	0
ASV3407	0	4	0	0	0
ASV3408	0	4	0	0	0
ASV3409	0	4	0	0	0
ASV3410	0	4	0	0	0
ASV3411	0	4	0	0	0
ASV3412	0	4	0	0	0
ASV3413	0	4	0	0	0
ASV3414	0	4	0	0	0
ASV3415	0	4	0	0	0
ASV3416	0	4	0	0	0
ASV3417	0	4	0	0	0
ASV3418	0	4	0	0	0
ASV3419	0	4	0	0	0
ASV3420	0	4	0	0	0
ASV3421	0	4	0	0	0
ASV3422	0	4	0	0	0
ASV3423	0	4	0	0	0
ASV3424	0	4	0	0	0
ASV3425	0	4	0	0	0
ASV3426	0	4	0	0	0
ASV3427	0	4	0	0	0
ASV3428	0	4	0	0	0
ASV3429	0	4	0	0	0
ASV3430	0	4	0	0	0
ASV3431	0	4	0	0	0
ASV3432	0	4	0	0	0
ASV3433	0	4	0	0	0
ASV3434	0	4	0	0	0
ASV3435	0	0	4	0	0
ASV3436	0	0	4	0	0
ASV3437	0	0	4	0	0
ASV3438	0	0	4	0	0
ASV3439	0	0	4	0	0
ASV3440	0	0	4	0	0
ASV3441	0	0	4	0	0
ASV3442	0	0	4	0	0
ASV3443	0	0	4	0	0
ASV3444	0	0	4	0	0
ASV3445	0	0	4	0	0
ASV3446	0	0	4	0	0
ASV3447	0	0	4	0	0
ASV3448	0	0	4	0	0
ASV3449	0	0	4	0	0
ASV3450	0	0	4	0	0
ASV3451	0	0	4	0	0
ASV3452	0	0	4	0	0
ASV3453	0	0	4	0	0
ASV3454	0	0	4	0	0
ASV3455	0	0	4	0	0
ASV3456	0	0	4	0	0
ASV3457	0	0	0	4	0
ASV3458	0	0	0	4	0
ASV3459	0	0	0	4	0
ASV3460	0	0	0	4	0
ASV3461	0	0	0	4	0
ASV3462	0	0	0	4	0
ASV3463	0	0	0	4	0
ASV3464	0	0	0	4	0
ASV3465	0	0	0	4	0
ASV3466	0	0	0	4	0
ASV3467	0	0	0	4	0
ASV3468	0	0	0	4	0
ASV3469	0	0	0	4	0
ASV3470	0	0	0	4	0
ASV3471	0	0	0	4	0
ASV3472	0	0	0	4	0
ASV3473	0	0	0	4	0
ASV3474	0	0	0	4	0
ASV3475	0	0	0	4	0
ASV3476	0	0	0	4	0
ASV3477	0	0	0	4	0
ASV3478	0	0	0	4	0
ASV3479	0	0	0	4	0
ASV3480	0	0	0	4	0
ASV3481	0	0	0	4	0
ASV3482	0	0	0	4	0
ASV3483	0	0	0	4	0
ASV3484	0	0	0	0	4
ASV3485	0	0	0	0	4
ASV3486	0	0	0	0	4
ASV3487	0	0	0	0	4
ASV3488	0	0	0	0	4
ASV3489	0	0	0	0	4
ASV3490	0	0	0	0	4
ASV3491	0	0	0	0	4
ASV3492	0	0	0	0	4
ASV3493	0	0	0	0	4
ASV3494	0	0	0	0	4
ASV3495	0	0	0	0	4
ASV3496	0	0	0	0	4
ASV3497	0	0	0	0	4
ASV3498	0	0	0	0	4
ASV3499	0	0	0	0	4
ASV3500	0	0	0	0	4
ASV3501	0	0	0	0	4
ASV3502	0	0	0	0	4
ASV3503	0	0	0	0	4
ASV3504	0	0	0	0	4
ASV3505	0	0	0	0	4
ASV3506	0	0	0	0	4
ASV3507	0	0	0	0	4
ASV3508	0	0	0	0	4
ASV3509	0	0	0	0	4
ASV3510	0	0	0	0	4
ASV3511	0	0	0	0	4
ASV3512	0	0	0	0	4
ASV3513	0	0	0	0	4
ASV3514	0	0	0	0	4
ASV3515	0	0	0	0	4
ASV3516	0	0	0	0	4
ASV3517	0	0	0	0	4
ASV3518	0	0	0	0	4
ASV3519	0	0	0	0	4
ASV3520	3	0	0	0	0
ASV3521	3	0	0	0	0
ASV3522	3	0	0	0	0
ASV3523	3	0	0	0	0
ASV3524	3	0	0	0	0
ASV3525	3	0	0	0	0
ASV3526	3	0	0	0	0
ASV3527	3	0	0	0	0
ASV3528	3	0	0	0	0
ASV3529	3	0	0	0	0
ASV3530	3	0	0	0	0
ASV3531	3	0	0	0	0
ASV3532	3	0	0	0	0
ASV3533	3	0	0	0	0
ASV3534	3	0	0	0	0
ASV3535	3	0	0	0	0
ASV3536	3	0	0	0	0
ASV3537	3	0	0	0	0
ASV3538	3	0	0	0	0
ASV3539	3	0	0	0	0
ASV3540	3	0	0	0	0
ASV3541	3	0	0	0	0
ASV3542	3	0	0	0	0
ASV3543	3	0	0	0	0
ASV3544	3	0	0	0	0
ASV3545	3	0	0	0	0
ASV3546	0	3	0	0	0
ASV3547	0	3	0	0	0
ASV3548	0	3	0	0	0
ASV3549	0	3	0	0	0
ASV3550	0	3	0	0	0
ASV3551	0	3	0	0	0
ASV3552	0	3	0	0	0
ASV3553	0	3	0	0	0
ASV3554	0	3	0	0	0
ASV3555	0	3	0	0	0
ASV3556	0	3	0	0	0
ASV3557	0	3	0	0	0
ASV3558	0	3	0	0	0
ASV3559	0	3	0	0	0
ASV3560	0	3	0	0	0
ASV3561	0	3	0	0	0
ASV3562	0	3	0	0	0
ASV3563	0	3	0	0	0
ASV3564	0	3	0	0	0
ASV3565	0	0	3	0	0
ASV3566	0	0	3	0	0
ASV3567	0	0	3	0	0
ASV3568	0	0	3	0	0
ASV3569	0	0	3	0	0
ASV3570	0	0	3	0	0
ASV3571	0	0	3	0	0
ASV3572	0	0	3	0	0
ASV3573	0	0	3	0	0
ASV3574	0	0	3	0	0
ASV3575	0	0	3	0	0
ASV3576	0	0	3	0	0
ASV3577	0	0	3	0	0
ASV3578	0	0	3	0	0
ASV3579	0	0	3	0	0
ASV3580	0	0	3	0	0
ASV3581	0	0	3	0	0
ASV3582	0	0	3	0	0
ASV3583	0	0	3	0	0
ASV3584	0	0	3	0	0
ASV3585	0	0	3	0	0
ASV3586	0	0	3	0	0
ASV3587	0	0	3	0	0
ASV3588	0	0	3	0	0
ASV3589	0	0	3	0	0
ASV3590	0	0	0	3	0
ASV3591	0	0	0	3	0
ASV3592	0	0	0	3	0
ASV3593	0	0	0	3	0
ASV3594	0	0	0	3	0
ASV3595	0	0	0	3	0
ASV3596	0	0	0	3	0
ASV3597	0	0	0	3	0
ASV3598	0	0	0	3	0
ASV3599	0	0	0	3	0
ASV3600	0	0	0	3	0
ASV3601	0	0	0	3	0
ASV3602	0	0	0	3	0
ASV3603	0	0	0	3	0
ASV3604	0	0	0	3	0
ASV3605	0	0	0	3	0
ASV3606	0	0	0	3	0
ASV3607	0	0	0	3	0
ASV3608	0	0	0	3	0
ASV3609	0	0	0	3	0
ASV3610	0	0	0	3	0
ASV3611	0	0	0	0	3
ASV3612	0	0	0	0	3
ASV3613	0	0	0	0	3
ASV3614	0	0	0	0	3
ASV3615	0	0	0	0	3
ASV3616	0	0	0	0	3
ASV3617	0	0	0	0	3
ASV3618	0	0	0	0	3
ASV3619	0	0	0	0	3
ASV3620	0	0	0	0	3
ASV3621	0	0	0	0	3
ASV3622	0	0	0	0	3
ASV3623	0	0	0	0	3
ASV3624	0	0	0	0	3
ASV3625	0	0	0	0	3
ASV3626	0	0	0	0	3
ASV3627	0	0	0	0	3
ASV3628	0	0	0	0	3
ASV3629	0	0	0	0	3
ASV3630	0	0	0	0	3
ASV3631	0	0	0	0	3
ASV3632	0	0	0	0	3
ASV3633	0	0	0	0	3
ASV3634	0	0	0	0	3
ASV3635	0	0	0	0	3
ASV3636	0	0	0	0	3
ASV3637	0	0	0	0	3
ASV3638	0	0	0	0	3
ASV3639	0	0	0	0	3
ASV3640	0	0	0	0	3
ASV3641	0	0	0	0	3
ASV3642	0	0	0	0	3
ASV3643	0	0	0	0	3
ASV3644	0	0	0	0	3
ASV3645	2	0	0	0	0
ASV3646	2	0	0	0	0
ASV3647	2	0	0	0	0
ASV3648	2	0	0	0	0
ASV3649	2	0	0	0	0
ASV3650	2	0	0	0	0
ASV3651	2	0	0	0	0
ASV3652	2	0	0	0	0
ASV3653	2	0	0	0	0
ASV3654	2	0	0	0	0
ASV3655	2	0	0	0	0
ASV3656	0	2	0	0	0
ASV3657	0	2	0	0	0
ASV3658	0	2	0	0	0
ASV3659	0	2	0	0	0
ASV3660	0	2	0	0	0
ASV3661	0	2	0	0	0
ASV3662	0	2	0	0	0
ASV3663	0	2	0	0	0
ASV3664	0	2	0	0	0
ASV3665	0	2	0	0	0
ASV3666	0	2	0	0	0
ASV3667	0	2	0	0	0
ASV3668	0	2	0	0	0
ASV3669	0	0	2	0	0
ASV3670	0	0	2	0	0
ASV3671	0	0	2	0	0
ASV3672	0	0	2	0	0
ASV3673	0	0	2	0	0
ASV3674	0	0	2	0	0
ASV3675	0	0	2	0	0
ASV3676	0	0	2	0	0
ASV3677	0	0	2	0	0
ASV3678	0	0	2	0	0
ASV3679	0	0	2	0	0
ASV3680	0	0	2	0	0
ASV3681	0	0	0	2	0
ASV3682	0	0	0	2	0
ASV3683	0	0	0	2	0
ASV3684	0	0	0	2	0
ASV3685	0	0	0	2	0
ASV3686	0	0	0	2	0
ASV3687	0	0	0	2	0
ASV3688	0	0	0	2	0
ASV3689	0	0	0	2	0
ASV3690	0	0	0	2	0
ASV3691	0	0	0	2	0
ASV3692	0	0	0	2	0
ASV3693	0	0	0	0	2
ASV3694	0	0	0	0	2
ASV3695	0	0	0	0	2
ASV3696	0	0	0	0	2
ASV3697	0	0	0	0	2
ASV3698	0	0	0	0	2
ASV3699	0	0	0	0	2
ASV3700	0	0	0	0	2
ASV3701	0	0	0	0	2
ASV3702	0	0	0	0	2
ASV3703	0	0	0	0	2
ASV3704	0	0	0	0	2
ASV3705	0	0	0	0	2
ASV3706	0	0	0	0	2
ASV3707	0	0	0	0	2
ASV3708	0	0	0	0	2
ASV3709	0	0	0	0	2
ASV3710	0	0	0	0	2
ASV3711	0	0	0	0	2
ASV3712	0	0	0	0	2
ASV3713	0	0	0	0	2
ASV3714	1	0	0	0	0
ASV3715	1	0	0	0	0
ASV3716	1	0	0	0	0
ASV3717	1	0	0	0	0
ASV3718	1	0	0	0	0
ASV3719	0	1	0	0	0
ASV3720	0	1	0	0	0
ASV3721	0	1	0	0	0
ASV3722	0	1	0	0	0
ASV3723	0	1	0	0	0
ASV3724	0	0	1	0	0
ASV3725	0	0	1	0	0
ASV3726	0	0	1	0	0
ASV3727	0	0	1	0	0
ASV3728	0	0	0	1	0
ASV3729	0	0	0	1	0
ASV3730	0	0	0	1	0
ASV3731	0	0	0	0	1
ASV3732	0	0	0	0	1
